farm;lat;lon;fw;Nf;Ns
1;38.698000;-9.3700000;40797.3;46101.0;32977.0
2;36.788000;-6.3900000;34714.5;39227.4;18850.8
3;38.698000;-9.4800000;32792.5;37055.5;28452.4
4;38.698000;-9.2600000;31036.9;35071.7;25565.0
5;40.688000;0.86000000;30495.4;34459.8;25960.6
6;38.708000;-9.1500000;28508.6;32214.7;22218.5
7;38.838000;-9.4800000;27743.8;31350.5;19662.0
8;41.168000;-8.7300000;27689.1;31288.7;24863.8
9;41.338000;-8.7600000;27195.7;30731.1;24140.9
10;40.168000;-8.8700000;27082.4;30603.1;22012.2
11;41.058000;-8.6900000;26105.2;29498.9;23062.8
12;40.638000;0.72000000;26034.5;29419.0;21770.8
13;41.478000;-8.8000000;25646.2;28980.2;22834.7
14;39.048000;-9.4600000;25492.1;28806.0;21213.1
15;39.178000;-9.3800000;25298.2;28586.9;16959.7
16;41.588000;-8.8200000;25108.6;28372.7;21529.3
17;41.738000;-8.9100000;24909.6;28147.9;22149.9
18;38.588000;-9.2400000;24793.6;28016.8;17376.6
19;41.918000;-8.9000000;24764.5;27983.9;22036.6
20;42.418000;-8.8900000;24568.1;27761.9;21477.4
21;40.728000;26.040000;24131.5;27268.6;17454.0
22;42.048000;-8.8900000;24109.1;27243.3;21010.9
23;42.178000;-8.9000000;23874.4;26978.0;21155.9
24;40.318000;-8.8800000;23827.6;26925.2;19494.9
25;39.328000;-9.3900000;23115.3;26120.3;19651.9
26;40.618000;0.61000000;22677.3;25625.4;18598.7
27;42.288000;-8.8700000;22310.4;25210.7;19468.8
28;40.428000;-8.8600000;22257.4;25150.8;19140.1
29;40.948000;-8.7100000;21952.6;24806.4;18917.9
30;42.468000;-9.0000000;21926.5;24777.0;19714.0
31;40.578000;-8.7800000;21644.6;24458.4;16986.5
32;39.478000;-9.2200000;21241.4;24002.8;15209.4
33;40.708000;-8.7700000;21176.2;23929.1;17514.4
34;40.838000;-8.7300000;20864.2;23576.5;17323.3
35;40.058000;-8.9400000;20275.3;22911.1;16868.4
36;42.548000;-9.1100000;20260.3;22894.2;18114.3
37;43.398000;4.7900000;20156.8;22777.2;13847.7
38;41.698000;-8.7800000;20096.5;22709.1;16407.6
39;36.898000;-6.4500000;19939.5;22531.6;17289.5
40;39.408000;-9.5000000;19694.3;22254.5;17611.8
41;47.118000;-2.2300000;19630.0;22181.9;17368.3
42;47.248000;-2.4500000;19504.7;22040.3;17317.2
43;40.818000;0.74000000;19456.1;21985.4;16604.7
44;36.788000;-6.5000000;19260.6;21764.4;17330.4
45;47.058000;-2.3400000;19251.4;21754.1;17126.8
46;43.458000;4.5300000;19227.4;21727.0;16464.3
47;43.198000;-9.1800000;19089.0;21570.5;14809.8
48;42.658000;-9.1200000;18826.2;21273.6;16575.9
49;47.238000;-2.3400000;18679.8;21108.2;16746.8
50;42.398000;-8.7800000;18670.1;21097.2;8895.37
51;42.898000;-9.2000000;18584.3;21000.2;16258.6
52;42.888000;-9.3100000;18500.6;20905.7;16681.2
53;43.068000;-9.3000000;18472.6;20874.1;15962.5
54;45.648000;-1.1000000;18161.9;20522.9;16621.2
55;43.298000;-8.9800000;18140.1;20498.3;14328.9
56;47.368000;-2.5600000;18120.2;20475.8;16015.2
57;39.948000;-8.9900000;17948.9;20282.2;15303.1
58;42.788000;-9.1800000;17867.9;20190.7;15777.3
59;39.568000;-9.1100000;17858.7;20180.4;14022.3
60;47.048000;-2.1200000;17823.0;20139.9;16070.1
61;47.258000;-2.5600000;17732.9;20038.2;15795.9
62;43.728000;-8.0200000;17678.9;19977.1;13777.9
63;40.478000;22.720000;17441.0;19708.4;10668.6
64;43.358000;-8.8500000;17329.3;19582.1;13607.5
65;39.758000;-9.0700000;17316.7;19567.9;15150.6
66;43.338000;-8.6000000;17163.1;19394.3;13785.7
67;42.528000;-8.8900000;17104.6;19328.2;12613.1
68;43.398000;-8.4400000;16844.5;19034.3;12142.5
69;43.638000;-8.1800000;16826.3;19013.7;13328.2
70;36.588000;-6.2900000;16810.5;18995.8;3715.15
71;41.918000;-8.7900000;16703.5;18875.0;14069.3
72;47.228000;-2.2300000;16667.8;18834.6;14575.0
73;45.168000;-1.1900000;16449.7;18588.1;13825.4
74;43.528000;-8.3200000;16386.0;18516.1;12291.9
75;47.508000;-2.7300000;16305.6;18425.3;14404.1
76;47.138000;-2.5000000;16265.5;18380.0;14612.9
77;43.788000;-7.9000000;16115.2;18210.2;12837.4
78;45.588000;-0.99000000;16103.2;18196.6;14685.0
79;36.678000;-6.4300000;16056.9;18144.3;7167.30
80;43.758000;-7.7700000;15933.2;18004.5;8299.60
81;43.348000;4.6800000;15869.6;17932.7;13444.8
82;45.128000;-0.70000000;15833.7;17892.0;12892.5
83;47.478000;-2.5400000;15793.8;17847.0;13881.5
84;45.658000;-1.2100000;15710.1;17752.4;14516.6
85;45.538000;-1.1100000;15702.7;17744.1;14502.3
86;43.648000;-1.4500000;15665.9;17702.5;12859.7
87;41.148000;30.620000;15597.7;17625.4;12916.1
88;47.308000;-2.0800000;15528.8;17547.6;12853.8
89;48.488000;-5.1000000;15527.6;17546.2;12881.3
90;43.418000;4.9000000;15490.3;17504.0;12866.1
91;45.378000;-0.82000000;15455.6;17464.8;13864.5
92;42.258000;-8.7300000;15255.2;17238.4;5284.87
93;44.958000;-1.2300000;15246.4;17228.4;12680.3
94;47.148000;-2.6100000;14903.2;16840.6;13339.4
95;44.768000;12.430000;14857.6;16789.1;13074.6
96;50.058000;-5.7200000;14830.5;16758.5;11086.7
97;43.528000;-3.5600000;14791.2;16714.1;9848.36
98;45.268000;-0.75000000;14638.3;16541.3;12851.6
99;39.358000;-9.6500000;14615.4;16515.4;12295.4
100;49.978000;-6.2600000;14601.1;16499.2;10971.2
101;41.738000;12.250000;14577.0;16472.0;11790.6
102;43.308000;-8.7400000;14536.1;16425.7;11466.3
103;45.488000;-0.88000000;14485.7;16368.8;13300.4
104;44.988000;12.540000;14404.7;16277.3;12248.0
105;45.158000;12.340000;14397.5;16269.2;12081.6
106;43.418000;-4.6600000;14396.3;16267.8;7854.60
107;47.548000;-3.0900000;14197.0;16042.6;13005.3
108;47.498000;-2.8400000;14194.3;16039.6;13015.4
109;47.398000;-2.6700000;14133.7;15971.1;12905.1
110;54.398000;18.750000;14064.9;15893.3;3751.93
111;49.898000;-6.4000000;13958.0;15772.6;8679.48
112;48.558000;-4.7700000;13908.4;15716.5;11354.6
113;44.768000;12.320000;13875.5;15679.3;12026.6
114;44.838000;12.540000;13841.3;15640.7;11904.3
115;48.638000;-4.5500000;13746.1;15533.0;10912.7
116;43.408000;-4.5500000;13727.3;15511.8;8392.76
117;43.808000;-1.4200000;13545.7;15306.7;10934.4
118;38.428000;-9.2300000;13497.7;15252.4;11286.5
119;50.168000;-5.6900000;13496.4;15250.9;8631.26
120;47.268000;-2.6700000;13455.9;15205.2;12113.5
121;48.588000;-4.6600000;13445.3;15193.2;10565.5
122;41.858000;19.360000;13405.6;15148.3;10628.5
123;43.498000;-3.6700000;13383.1;15122.9;7837.13
124;36.988000;10.220000;13348.9;15084.3;10657.6
125;50.298000;-5.6000000;13332.9;15066.1;6944.86
126;50.038000;-5.6100000;13319.5;15051.0;8945.01
127;43.578000;-6.3000000;13307.0;15036.9;8851.60
128;43.498000;-3.8900000;13217.6;14935.9;9137.74
129;35.928000;-5.4000000;13191.4;14906.3;11562.9
130;43.448000;-4.7700000;13148.5;14857.8;6147.74
131;42.768000;-9.0500000;13072.6;14772.1;3429.58
132;47.028000;-2.4500000;13007.9;14698.9;11992.8
133;44.948000;12.650000;12965.6;14651.1;11272.9
134;37.198000;-7.3300000;12932.0;14613.1;11589.8
135;43.498000;-3.7800000;12860.8;14532.7;8093.50
136;43.408000;-4.4400000;12849.3;14519.7;8324.39
137;48.698000;-4.2100000;12814.7;14480.6;10470.1
138;48.698000;-4.3300000;12799.0;14462.8;10277.8
139;43.578000;-6.0900000;12787.1;14449.4;8438.63
140;43.448000;-4.0900000;12775.5;14436.3;7550.46
141;48.058000;-5.0000000;12749.4;14406.8;11775.3
142;43.798000;-7.6600000;12727.1;14381.7;9589.16
143;48.728000;-3.9600000;12713.5;14366.2;11378.4
144;43.688000;10.280000;12631.6;14273.7;10108.1
145;45.688000;-1.3200000;12625.7;14267.1;11683.4
146;51.648000;-8.5200000;12623.5;14264.6;10014.4
147;47.508000;-2.9500000;12623.2;14264.2;11640.6
148;43.418000;-8.3300000;12607.0;14245.9;8116.17
149;35.918000;-5.2900000;12548.3;14179.5;11155.1
150;50.058000;-5.4300000;12537.0;14166.9;7226.06
151;43.578000;-6.4400000;12525.6;14154.0;8121.69
152;50.248000;-3.9100000;12419.2;14033.7;8357.84
153;48.698000;-4.0700000;12404.2;14016.8;9777.97
154;47.438000;-3.1100000;12402.8;14015.1;11525.7
155;49.458000;-0.090000000;12338.5;13942.5;10897.6
156;48.058000;-4.8900000;12315.7;13916.7;11420.2
157;49.988000;-5.2700000;12313.7;13914.5;8898.47
158;48.798000;-3.7600000;12285.7;13882.8;11109.1
159;49.448000;-0.25000000;12266.8;13861.5;10772.1
160;48.378000;-5.0400000;12261.4;13855.4;11213.1
161;51.608000;-8.6400000;12243.9;13835.6;9377.29
162;50.018000;-5.0900000;12191.2;13776.1;8330.77
163;48.458000;-4.8800000;12186.5;13770.8;11046.8
164;51.708000;-8.4000000;12127.8;13704.4;9422.86
165;47.678000;-3.2600000;12111.8;13686.3;11259.2
166;51.738000;-8.2900000;12086.5;13657.8;9501.19
167;51.988000;-7.5700000;12084.8;13655.8;9359.82
168;47.388000;-3.2700000;12064.5;13632.9;11275.0
169;48.838000;-3.5200000;12053.7;13620.6;9657.47
170;46.278000;-1.2200000;12038.0;13603.0;10587.3
171;49.788000;0.22000000;12016.4;13578.5;10385.7
172;43.338000;-2.4100000;11991.5;13550.3;6419.28
173;50.198000;-3.6900000;11955.8;13510.1;7929.20
174;47.328000;-3.1000000;11889.8;13435.4;11143.2
175;51.768000;-8.1800000;11883.9;13428.8;9189.91
176;51.578000;-8.8000000;11880.1;13424.5;9163.50
177;50.328000;-4.3200000;11847.8;13388.0;5931.24
178;48.808000;-3.4100000;11847.8;13388.0;9043.72
179;50.208000;-4.8100000;11824.6;13361.8;7777.41
180;49.898000;0.68000000;11820.2;13356.8;10382.1
181;43.648000;-5.8900000;11813.8;13349.6;7167.07
182;48.068000;-4.6800000;11809.4;13344.6;10306.7
183;49.818000;0.38000000;11808.5;13343.6;10044.9
184;50.038000;1.2900000;11806.0;13340.8;9447.89
185;47.708000;-3.4000000;11764.5;13293.9;10882.1
186;50.208000;-3.8000000;11761.1;13290.0;6978.29
187;49.468000;-2.3400000;11731.2;13256.3;9736.80
188;49.738000;-2.3400000;11710.7;13233.1;9866.51
189;45.548000;-1.2200000;11702.1;13223.3;10821.1
190;47.498000;-3.2200000;11696.3;13216.8;10858.1
191;38.488000;-8.9600000;11693.2;13213.4;4460.63
192;49.448000;-0.36000000;11691.8;13211.8;10407.6
193;49.418000;-2.6900000;11681.2;13199.8;7881.89
194;44.588000;12.300000;11681.0;13199.5;10617.7
195;43.688000;-7.3600000;11678.3;13196.5;8541.61
196;51.978000;-7.6800000;11673.4;13190.9;8854.52
197;49.428000;-2.4800000;11667.4;13184.2;9270.26
198;47.028000;-2.5700000;11650.2;13164.8;10601.4
199;51.468000;-9.3800000;11646.7;13160.8;9206.54
200;50.028000;1.1000000;11630.9;13142.9;9668.54
201;49.868000;0.57000000;11627.4;13139.0;10223.8
202;49.688000;0.010000000;11613.7;13123.5;9833.87
203;47.158000;-2.7200000;11607.9;13117.0;10399.9
204;38.608000;26.790000;11600.2;13108.2;1096.15
205;43.428000;-2.6500000;11577.9;13083.0;6705.12
206;43.918000;-1.4000000;11574.7;13079.5;9474.54
207;51.798000;-8.0400000;11574.1;13078.7;9081.76
208;43.368000;-3.1100000;11554.4;13056.5;4297.91
209;48.318000;-4.9300000;11550.2;13051.7;10553.4
210;47.388000;-2.7800000;11546.3;13047.4;10618.6
211;50.288000;-4.0300000;11533.2;13032.5;6483.85
212;49.818000;0.080000000;11533.2;13032.5;8948.48
213;46.948000;-2.3400000;11527.1;13025.6;10677.0
214;36.078000;-5.4100000;11524.0;13022.1;9638.89
215;51.478000;-9.2100000;11478.8;12971.1;9085.43
216;49.348000;-0.040000000;11452.0;12940.8;10397.1
217;48.318000;-4.5000000;11430.3;12916.2;10657.2
218;43.578000;-6.9300000;11419.9;12904.5;4834.45
219;51.918000;-7.7900000;11402.2;12884.5;8870.08
220;49.728000;-1.8600000;11390.3;12871.1;9372.90
221;50.158000;-4.9300000;11383.8;12863.7;7398.33
222;50.238000;1.4300000;11368.2;12846.1;9915.87
223;49.468000;0.020000000;11330.7;12803.7;10139.8
224;45.038000;12.430000;11324.8;12797.0;9830.79
225;52.128000;-7.0000000;11320.6;12792.2;8987.83
226;50.328000;-4.4400000;11296.3;12764.8;5803.65
227;50.268000;-3.5800000;11294.3;12762.6;5421.86
228;50.268000;1.3200000;11281.8;12748.4;7776.54
229;50.318000;-4.5500000;11275.4;12741.2;6616.51
230;51.438000;-9.8000000;11274.0;12739.6;9113.39
231;50.308000;-5.4900000;11266.5;12731.1;4474.89
232;51.588000;-10.050000;11239.1;12700.1;8525.76
233;43.578000;-6.8200000;11223.2;12682.2;5398.15
234;51.818000;-7.9300000;11198.2;12653.9;7971.28
235;47.368000;-2.8900000;11184.0;12638.0;10361.1
236;38.408000;-8.8500000;11174.8;12627.5;8493.33
237;43.468000;-2.7600000;11169.7;12621.7;5911.27
238;49.368000;-0.65000000;11146.2;12595.2;10111.9
239;47.728000;-3.5100000;11122.9;12568.8;10359.3
240;43.538000;-1.5300000;11111.5;12556.0;9247.64
241;49.408000;-0.52000000;11106.6;12550.5;10129.1
242;52.128000;-7.2800000;11099.3;12542.2;8517.12
243;43.428000;-3.3500000;11088.2;12529.7;6203.18
244;43.578000;-6.6100000;11073.4;12512.9;6579.45
245;49.338000;-0.18000000;11072.2;12511.6;9984.12
246;52.118000;-7.1100000;11048.9;12485.3;8843.05
247;49.698000;-2.2300000;11047.8;12484.0;8743.16
248;50.308000;-4.2100000;11037.1;12472.0;5586.92
249;50.318000;-4.6600000;11032.4;12466.6;6042.09
250;48.838000;-3.2900000;11025.2;12458.5;8255.32
251;38.428000;-9.1200000;11014.2;12446.1;9520.32
252;49.948000;0.79000000;11008.9;12440.1;9696.44
253;48.798000;-3.6500000;11007.7;12438.7;10030.3
254;49.538000;-2.4900000;10999.0;12428.8;8676.98
255;49.958000;0.99000000;10983.5;12411.4;9186.79
256;43.398000;-2.5400000;10966.5;12392.2;7236.29
257;49.558000;-0.20000000;10960.2;12385.1;9415.73
258;51.468000;-9.6900000;10957.6;12382.1;8428.25
259;51.538000;-8.9100000;10953.1;12377.0;8938.19
260;49.978000;0.57000000;10937.4;12359.3;9295.86
261;50.528000;-2.4700000;10915.1;12334.1;5797.37
262;50.008000;0.68000000;10876.7;12290.6;9207.28
263;51.418000;-9.5200000;10871.8;12285.1;9131.32
264;50.378000;1.3900000;10862.2;12274.2;6578.25
265;50.138000;1.0600000;10854.2;12265.3;7600.99
266;38.298000;-8.7800000;10848.4;12258.7;7795.56
267;47.838000;-4.3500000;10845.8;12255.8;9654.35
268;52.128000;-7.3900000;10844.5;12254.3;8406.54
269;44.728000;12.540000;10842.0;12251.4;9812.97
270;52.148000;-6.8900000;10841.1;12250.5;7442.44
271;49.448000;0.14000000;10839.0;12248.0;9705.98
272;50.148000;1.3200000;10836.5;12245.2;9261.78
273;40.508000;0.51000000;10801.9;12206.1;9532.62
274;46.968000;-2.2300000;10799.1;12203.0;9677.75
275;50.068000;0.95000000;10757.0;12155.4;8754.59
276;50.688000;1.3300000;10752.8;12150.6;8387.30
277;50.378000;-3.4800000;10731.5;12126.6;4552.58
278;49.928000;0.46000000;10725.2;12119.5;8807.67
279;51.578000;-10.160000;10695.8;12086.3;8269.31
280;49.578000;0.020000000;10672.2;12059.6;9422.08
281;49.568000;-0.090000000;10671.4;12058.6;9268.14
282;43.748000;-7.4900000;10668.3;12055.1;8638.57
283;50.178000;1.2100000;10636.6;12019.3;7236.18
284;57.038000;23.890000;10636.1;12018.8;4817.86
285;49.898000;0.22000000;10633.8;12016.2;7614.96
286;50.118000;1.4300000;10632.6;12014.8;8798.78
287;52.098000;-7.5000000;10623.3;12004.3;8316.12
288;50.058000;0.79000000;10605.4;11984.1;8481.02
289;48.858000;-2.2400000;10583.6;11959.5;3520.68
290;48.768000;-2.0800000;10567.4;11941.2;4633.94
291;48.908000;-2.9100000;10558.4;11931.0;4553.21
292;49.608000;-0.31000000;10546.1;11917.1;8837.14
293;49.478000;-0.65000000;10538.0;11907.9;9345.19
294;49.618000;-2.0000000;10533.7;11903.1;7502.57
295;49.728000;-1.9700000;10531.5;11900.6;8396.68
296;49.588000;-2.2300000;10527.9;11896.5;7739.52
297;48.118000;-4.3800000;10526.7;11895.2;7316.47
298;50.678000;1.4900000;10519.1;11886.5;8576.24
299;51.558000;-9.0200000;10512.1;11878.7;7990.20
300;49.438000;-0.76000000;10512.0;11878.6;9344.94
301;50.568000;-5.0600000;10504.3;11869.8;4070.85
302;51.728000;-10.260000;10501.2;11866.3;7237.48
303;49.728000;-1.4800000;10491.4;11855.3;7640.70
304;43.448000;4.4200000;10490.7;11854.5;9130.79
305;48.798000;-2.7800000;10488.3;11851.8;1967.49
306;48.748000;-2.2000000;10468.3;11829.2;3448.83
307;43.318000;-2.0900000;10461.5;11821.5;4479.11
308;43.418000;-4.2000000;10420.8;11775.5;6442.96
309;43.338000;-1.9800000;10416.6;11770.8;7119.98
310;44.658000;12.410000;10412.9;11766.6;9520.04
311;51.678000;-9.6300000;10412.2;11765.7;7312.40
312;51.588000;-4.9300000;10364.0;11711.3;7026.29
313;43.408000;-3.0000000;10347.1;11692.2;3172.62
314;48.878000;-2.0100000;10341.6;11686.0;3660.00
315;49.558000;-0.42000000;10333.1;11676.4;8945.83
316;50.288000;1.2100000;10331.8;11674.9;4904.19
317;45.798000;-1.2900000;10331.6;11674.7;9618.05
318;49.098000;-2.8500000;10331.5;11674.6;5317.82
319;37.948000;-8.8700000;10317.4;11658.6;7305.81
320;51.778000;-10.520000;10314.0;11654.8;8140.22
321;49.928000;0.35000000;10309.5;11649.7;8037.60
322;47.788000;-4.2400000;10307.2;11647.1;9699.84
323;50.568000;-2.5800000;10299.2;11638.1;4618.82
324;52.548000;-9.8700000;10297.5;11636.2;8231.20
325;50.708000;0.25000000;10279.1;11615.4;4775.23
326;49.538000;-2.6500000;10271.7;11607.1;5851.71
327;44.838000;12.650000;10265.2;11599.7;9176.28
328;51.258000;-3.7800000;10262.9;11597.0;8438.75
329;52.128000;-6.7800000;10249.3;11581.7;5794.72
330;49.698000;-1.7200000;10244.4;11576.1;9225.54
331;49.228000;-2.3300000;10236.6;11567.4;3580.42
332;43.578000;-7.1000000;10199.5;11525.4;3854.46
333;50.398000;1.2500000;10193.8;11518.9;4175.22
334;51.618000;-9.9400000;10187.8;11512.2;7850.57
335;36.008000;-5.6200000;10186.2;11510.4;8046.55
336;50.868000;1.5200000;10186.1;11510.3;7986.45
337;51.608000;-4.8100000;10172.6;11495.1;7450.88
338;49.658000;0.13000000;10161.4;11482.4;9039.26
339;50.128000;-5.0400000;10154.1;11474.1;4438.70
340;50.398000;1.5000000;10151.6;11471.3;8752.66
341;48.308000;-4.8200000;10149.7;11469.2;9344.44
342;43.458000;-2.8800000;10133.3;11450.7;6886.15
343;40.768000;23.880000;10124.9;11441.1;1578.35
344;48.718000;-2.3100000;10118.1;11433.4;3232.52
345;49.748000;-1.3700000;10095.0;11407.4;8336.02
346;37.178000;-7.4400000;10094.2;11406.5;9119.32
347;52.188000;-6.6000000;10091.5;11403.4;5012.21
348;48.998000;-2.3100000;10085.0;11396.1;3368.69
349;50.258000;1.1000000;10075.0;11384.7;5175.58
350;50.958000;0.98000000;10073.4;11382.9;7010.69
351;50.898000;1.6300000;10051.2;11357.9;7875.75
352;51.198000;1.8400000;10045.0;11350.9;5830.88
353;43.418000;-4.3300000;10037.1;11341.9;6640.91
354;50.708000;1.2200000;10035.8;11340.4;6346.51
355;48.858000;-1.9000000;10023.3;11326.4;3775.48
356;49.588000;-0.73000000;10014.6;11316.4;6304.59
357;36.968000;-6.5600000;10007.7;11308.6;9009.78
358;45.348000;-1.1700000;10006.1;11306.9;9338.82
359;49.468000;-1.0000000;10002.6;11303.0;8857.30
360;49.338000;-0.29000000;9997.15;11296.8;9035.48
361;48.888000;-3.1300000;9995.04;11294.4;8211.57
362;51.138000;1.5100000;9967.03;11262.7;7776.80
363;51.558000;-9.8300000;9964.70;11260.1;7403.49
364;43.588000;-7.2300000;9954.98;11249.1;8289.26
365;51.868000;-5.3500000;9948.22;11241.5;7668.83
366;51.088000;1.7400000;9939.74;11231.9;6947.33
367;51.648000;-5.0500000;9931.49;11222.6;6911.02
368;50.808000;0.36000000;9928.79;11219.5;6533.62
369;47.788000;-4.1300000;9920.41;11210.1;9340.25
370;49.168000;-1.9900000;9914.75;11203.7;2832.49
371;49.548000;-1.1400000;9903.41;11190.8;8365.14
372;51.608000;-4.7000000;9903.23;11190.7;7422.66
373;50.488000;1.3900000;9899.62;11186.6;5748.10
374;48.328000;-4.6100000;9889.74;11175.4;9064.68
375;48.778000;-2.6700000;9883.66;11168.5;1147.67
376;51.028000;-4.5200000;9860.69;11142.6;6590.61
377;44.028000;-1.3600000;9846.31;11126.3;8208.59
378;51.268000;2.0600000;9842.29;11121.8;7660.15
379;50.858000;1.3500000;9838.20;11117.2;7411.55
380;51.248000;1.5800000;9831.94;11110.1;7922.86
381;51.258000;-3.8900000;9830.70;11108.7;8319.58
382;48.858000;-1.7900000;9829.18;11107.0;4111.32
383;49.118000;-2.2600000;9826.11;11103.5;2097.43
384;47.618000;-2.8500000;9825.76;11103.1;6921.30
385;43.398000;-1.8300000;9821.19;11097.9;7259.55
386;50.178000;0.90000000;9820.75;11097.4;6265.77
387;36.478000;-4.7100000;9811.91;11087.5;7121.95
388;52.418000;-9.9800000;9811.04;11086.5;8362.92
389;48.788000;-2.8900000;9810.92;11086.3;2371.17
390;51.048000;1.9800000;9810.53;11085.9;8440.88
391;48.748000;-1.9700000;9801.96;11076.2;6351.05
392;51.028000;1.4100000;9800.46;11074.5;7199.90
393;48.968000;-2.2000000;9789.40;11062.0;2210.30
394;43.468000;-4.8900000;9784.20;11056.1;3954.57
395;50.478000;-0.85000000;9780.93;11052.5;3935.37
396;42.328000;41.620000;9777.01;11048.0;8925.40
397;49.458000;-0.89000000;9759.15;11027.8;8646.41
398;37.838000;-8.8100000;9730.29;10995.2;6493.40
399;51.368000;-3.8000000;9726.62;10991.1;8626.93
400;51.688000;-5.2700000;9704.72;10966.3;5322.39
401;51.028000;1.8700000;9696.15;10956.6;8376.89
402;51.178000;-4.6800000;9690.05;10949.8;6498.35
403;38.188000;-8.7900000;9682.27;10941.0;6556.37
404;49.118000;-2.1000000;9682.01;10940.7;1533.43
405;50.698000;-1.6200000;9680.58;10939.1;5893.47
406;57.038000;23.780000;9660.54;10916.4;4509.04
407;50.368000;1.1000000;9655.46;10910.7;3321.05
408;55.108000;20.890000;9653.78;10908.8;689.835
409;50.568000;1.5000000;9653.50;10908.5;7934.92
410;47.598000;-3.3700000;9651.44;10906.1;9008.74
411;51.408000;-3.6100000;9626.29;10877.7;8539.59
412;51.278000;-4.0000000;9608.14;10857.2;7075.26
413;51.268000;-4.1200000;9607.76;10856.8;7026.80
414;51.358000;1.6100000;9605.69;10854.4;6238.83
415;49.308000;-2.2200000;9603.49;10851.9;2620.03
416;50.508000;-2.3600000;9603.34;10851.8;3749.27
417;44.848000;-1.2700000;9592.19;10839.2;7929.24
418;52.498000;-9.7100000;9584.19;10830.1;7904.06
419;50.908000;0.72000000;9565.90;10809.5;4853.57
420;49.508000;-1.9300000;9561.44;10804.4;5578.62
421;49.668000;-1.6100000;9558.17;10800.7;8370.67
422;50.508000;1.2800000;9556.64;10799.0;4303.47
423;50.458000;-5.0500000;9546.62;10787.7;5294.86
424;50.798000;-0.58000000;9544.92;10785.8;5750.98
425;50.668000;-4.7700000;9535.66;10775.3;4165.39
426;38.068000;-8.8300000;9533.66;10773.0;5997.43
427;51.568000;-4.5800000;9519.23;10756.7;7543.23
428;49.578000;-0.84000000;9516.91;10754.1;4698.83
429;48.988000;-2.0400000;9510.68;10747.1;2277.21
430;51.308000;1.7600000;9497.85;10732.6;4193.31
431;51.828000;-10.410000;9495.87;10730.3;6735.36
432;57.228000;24.150000;9473.47;10705.0;3069.44
433;51.528000;-3.8500000;9462.24;10692.3;8218.81
434;57.148000;24.000000;9458.39;10688.0;2949.12
435;51.228000;1.9500000;9457.17;10686.6;5952.75
436;49.578000;-1.0300000;9453.66;10682.6;5067.30
437;51.778000;-5.1600000;9436.10;10662.8;6561.32
438;50.978000;1.7400000;9429.25;10655.0;7504.32
439;50.588000;-4.9300000;9427.56;10653.1;5222.67
440;50.608000;-1.1700000;9425.86;10651.2;3431.91
441;50.708000;-0.77000000;9419.60;10644.2;3935.71
442;53.048000;-9.5100000;9418.17;10642.5;8108.10
443;51.158000;2.0600000;9401.01;10623.1;8217.39
444;36.438000;-5.0700000;9383.69;10603.6;4560.36
445;51.118000;2.2600000;9378.27;10597.4;8401.45
446;49.508000;-2.0700000;9373.76;10592.3;3872.17
447;50.588000;-0.64000000;9344.97;10559.8;3358.69
448;49.298000;-1.8500000;9341.62;10556.0;2348.52
449;51.208000;-3.1700000;9335.44;10549.0;7876.28
450;52.038000;-10.590000;9335.42;10549.0;6801.81
451;47.788000;-4.0200000;9332.08;10545.2;8779.34
452;48.908000;-3.0200000;9324.79;10537.0;3358.67
453;51.928000;-5.2400000;9319.01;10530.5;7166.49
454;50.838000;0.48000000;9318.49;10529.9;6166.35
455;52.128000;-6.4900000;9268.35;10473.2;3959.31
456;49.618000;-0.53000000;9265.88;10470.4;7227.32
457;51.278000;-3.6700000;9258.39;10462.0;7252.43
458;51.148000;1.4000000;9252.29;10455.1;7069.83
459;50.808000;-0.39000000;9227.59;10427.2;4841.20
460;48.748000;-1.8300000;9225.22;10424.5;5870.85
461;45.148000;12.450000;9224.49;10423.7;8034.59
462;50.768000;-4.6600000;9221.15;10419.9;4279.49
463;53.138000;-9.6200000;9220.79;10419.5;7674.96
464;49.018000;-1.6400000;9220.63;10419.3;3638.85
465;45.578000;-1.3300000;9213.63;10411.4;8509.83
466;51.258000;1.4700000;9201.15;10397.3;7472.85
467;51.398000;-4.0800000;9187.92;10382.3;7786.23
468;50.858000;0.61000000;9185.26;10379.3;5070.22
469;48.088000;-4.5600000;9181.03;10374.6;6419.59
470;52.298000;-6.1900000;9176.90;10369.9;4370.10
471;51.088000;1.2100000;9176.01;10368.9;6529.97
472;46.748000;-2.3800000;9174.90;10367.6;8516.49
473;50.388000;-5.1600000;9174.59;10367.3;5052.97
474;36.478000;-4.9400000;9166.47;10358.1;4564.14
475;49.618000;-1.8900000;9159.97;10350.8;4774.30
476;52.258000;-10.140000;9158.24;10348.8;6881.96
477;50.468000;-3.3700000;9153.89;10343.9;2140.85
478;51.408000;1.5000000;9144.29;10333.0;7079.87
479;51.068000;1.0900000;9139.82;10328.0;6307.64
480;50.878000;-4.5800000;9117.80;10303.1;5614.11
481;50.798000;0.78000000;9115.72;10300.8;3955.87
482;48.878000;-1.6800000;9115.00;10299.9;2400.10
483;46.918000;-2.4500000;9110.16;10294.5;8456.58
484;57.058000;23.670000;9106.50;10290.3;3169.57
485;50.928000;0.83000000;9101.75;10285.0;4647.55
486;50.598000;-0.81000000;9101.41;10284.6;2855.13
487;49.308000;-1.9600000;9096.61;10279.2;2444.61
488;51.558000;1.6200000;9092.04;10274.0;4491.03
489;52.598000;-9.5300000;9085.60;10266.7;7446.96
490;47.798000;-3.8100000;9073.44;10253.0;8530.63
491;51.048000;2.0900000;9058.93;10236.6;7938.01
492;50.598000;-1.9300000;9048.54;10224.8;2867.30
493;43.318000;-2.2800000;9037.62;10212.5;2135.11
494;51.188000;-3.2800000;9020.12;10192.7;7642.68
495;52.298000;-9.9800000;9017.75;10190.1;7913.99
496;52.648000;-9.7400000;9012.22;10183.8;6657.98
497;52.808000;-9.5600000;9009.99;10181.3;6373.30
498;47.768000;-3.6200000;9002.44;10172.8;8466.36
499;52.188000;-6.2900000;8994.40;10163.7;4467.18
500;51.598000;-4.3400000;8988.93;10157.5;7240.88
501;51.228000;2.1900000;8987.97;10156.4;7879.06
502;46.908000;-2.1200000;8987.33;10155.7;8410.73
503;57.478000;24.260000;8986.39;10154.6;3401.11
504;48.768000;-2.5600000;8985.19;10153.3;781.043
505;53.228000;-9.7300000;8984.35;10152.3;7559.98
506;48.718000;-2.4200000;8971.85;10138.2;1622.08
507;51.498000;-3.9600000;8965.45;10131.0;7741.50
508;49.318000;-2.0800000;8962.70;10127.9;1992.55
509;51.398000;-3.5000000;8959.29;10124.0;7952.19
510;49.668000;-1.1900000;8956.66;10121.0;7897.13
511;50.618000;-0.53000000;8956.26;10120.6;3139.73
512;44.548000;12.410000;8950.55;10114.1;8279.03
513;50.648000;-0.92000000;8942.10;10104.6;2627.78
514;49.178000;-1.8800000;8937.03;10098.8;1123.23
515;51.318000;-3.2000000;8927.98;10088.6;7784.25
516;51.518000;-4.4700000;8923.99;10084.1;7234.49
517;54.998000;20.840000;8908.07;10066.1;328.868
518;43.458000;4.3100000;8907.26;10065.2;7758.61
519;57.078000;23.550000;8884.71;10039.7;2200.02
520;47.958000;-4.4600000;8872.73;10026.2;8333.49
521;49.278000;-1.7400000;8867.52;10020.3;2224.03
522;53.378000;-10.150000;8855.98;10007.3;7271.82
523;57.688000;24.210000;8855.89;10007.2;3326.66
524;50.638000;-1.0600000;8851.24;10001.9;2760.05
525;51.208000;-3.0600000;8848.19;9998.46;7473.02
526;48.748000;-1.7200000;8846.07;9996.06;3166.33
527;51.478000;-3.7400000;8839.08;9988.16;7646.45
528;53.258000;-9.8400000;8838.35;9987.33;7436.01
529;51.338000;-3.3600000;8834.21;9982.66;7841.32
530;51.388000;-3.9100000;8830.83;9978.84;7774.26
531;50.608000;1.1100000;8818.46;9964.86;3378.99
532;51.738000;-5.4700000;8817.94;9964.27;3543.44
533;51.428000;1.0700000;8816.30;9962.41;7798.98
534;53.218000;-9.5100000;8814.13;9959.97;7561.40
535;44.478000;12.300000;8813.55;9959.31;8170.02
536;40.768000;25.930000;8810.56;9955.93;5406.53
537;51.168000;-4.2400000;8808.19;9953.26;6558.50
538;50.598000;-2.1100000;8799.74;9943.70;3007.88
539;36.678000;-6.5400000;8794.24;9937.49;6827.73
540;57.368000;24.260000;8781.12;9922.67;3143.41
541;51.668000;-9.7400000;8780.99;9922.52;6984.23
542;52.148000;-10.580000;8767.16;9906.89;6594.34
543;50.718000;0.58000000;8763.20;9902.42;3009.87
544;48.318000;-4.3400000;8744.81;9881.64;2130.77
545;51.118000;2.3700000;8744.53;9881.32;7834.98
546;50.988000;-4.6300000;8743.01;9879.60;4391.20
547;50.828000;-0.28000000;8722.96;9856.95;4371.47
548;36.828000;-6.6100000;8722.19;9856.08;7836.45
549;37.708000;-8.8100000;8721.27;9855.04;4784.21
550;50.488000;-3.4800000;8719.66;9853.22;1756.58
551;48.688000;-3.6300000;8712.94;9845.62;4805.92
552;53.298000;-10.010000;8711.09;9843.53;6915.47
553;51.098000;-4.3900000;8697.62;9828.31;4943.85
554;50.788000;-1.1600000;8672.17;9799.55;4557.01
555;48.688000;-4.4400000;8666.72;9793.39;7452.41
556;57.258000;24.260000;8659.00;9784.67;2525.09
557;52.088000;-10.450000;8655.54;9780.75;5156.61
558;48.208000;-4.6400000;8647.77;9771.98;8054.74
559;51.268000;2.3000000;8618.91;9739.37;7670.07
560;51.248000;-3.5600000;8617.16;9737.39;7542.58
561;36.058000;-5.7300000;8612.30;9731.90;7013.95
562;55.048000;21.000000;8600.65;9718.73;338.419
563;51.468000;1.3200000;8598.32;9716.10;6532.79
564;51.558000;1.5100000;8592.41;9709.42;3600.48
565;47.678000;-4.0500000;8589.11;9705.69;8080.31
566;51.968000;-5.1300000;8585.63;9701.76;6605.33
567;47.028000;-2.0100000;8582.64;9698.38;8024.81
568;51.528000;-4.2300000;8582.58;9698.32;6140.48
569;42.638000;-8.8700000;8570.16;9684.28;2673.68
570;46.598000;-1.8500000;8566.79;9680.47;7881.05
571;51.738000;-4.3500000;8558.24;9670.81;5954.86
572;35.278000;-3.9400000;8552.66;9664.51;6972.95
573;51.058000;-4.2700000;8552.23;9664.02;6255.29
574;51.628000;-4.4500000;8549.63;9661.08;6658.28
575;51.188000;-3.3900000;8548.18;9659.44;7281.91
576;51.678000;-4.5800000;8539.19;9649.29;6001.04
577;51.458000;1.1800000;8533.63;9643.01;7144.32
578;50.608000;-1.4300000;8531.38;9640.46;2267.68
579;52.218000;-10.430000;8521.82;9629.66;5542.25
580;57.168000;23.360000;8521.79;9629.62;1753.15
581;51.418000;2.3100000;8481.75;9584.37;6079.12
582;43.568000;-5.3800000;8474.60;9576.29;6079.03
583;35.308000;-3.7200000;8473.89;9575.49;6991.12
584;51.418000;2.4800000;8471.59;9572.89;7350.01
585;51.738000;-10.150000;8471.52;9572.81;4836.98
586;50.788000;-1.3300000;8465.75;9566.29;4869.21
587;37.228000;-8.8900000;8464.20;9564.54;6666.75
588;50.668000;0.45000000;8454.97;9554.11;2660.49
589;51.448000;2.5900000;8451.62;9550.33;7418.39
590;52.138000;-10.210000;8447.27;9545.42;5360.15
591;50.828000;-0.16000000;8443.22;9540.84;3632.14
592;50.548000;-2.2500000;8438.09;9535.04;2542.09
593;51.418000;0.96000000;8437.94;9534.87;7496.84
594;35.248000;-4.0500000;8427.18;9522.72;6517.10
595;57.838000;22.710000;8408.01;9501.05;2270.78
596;51.418000;1.8100000;8406.79;9499.67;3843.17
597;51.508000;-4.0700000;8405.86;9498.62;6769.02
598;50.618000;-2.6900000;8399.70;9491.66;2162.45
599;53.228000;-9.4000000;8395.06;9486.42;7155.15
600;50.708000;-1.7300000;8365.20;9452.68;3198.45
601;50.278000;-5.3800000;8354.20;9440.25;1828.81
602;50.728000;-1.5100000;8348.52;9433.82;5519.59
603;31.528000;31.890000;8345.98;9430.96;7745.85
604;50.798000;-1.0300000;8331.66;9414.77;3272.60
605;50.798000;-0.020000000;8322.97;9404.95;2661.28
606;50.728000;0.14000000;8308.13;9388.19;2298.86
607;51.288000;2.4100000;8280.08;9356.49;7379.76
608;57.588000;22.850000;8275.99;9351.87;1754.78
609;52.938000;-9.4800000;8256.80;9330.18;6263.27
610;53.078000;-5.6300000;8249.13;9321.51;5300.49
611;52.128000;-10.100000;8246.99;9319.10;6146.34
612;57.798000;24.180000;8244.06;9315.79;2506.18
613;52.418000;-6.1700000;8242.00;9313.45;3245.64
614;43.428000;-1.6500000;8239.03;9310.11;5669.23
615;57.428000;23.190000;8227.03;9296.54;1538.25
616;57.278000;23.300000;8213.72;9281.50;1441.81
617;53.108000;-9.7300000;8208.47;9275.58;6369.53
618;48.658000;-2.5300000;8207.95;9274.98;2215.07
619;35.218000;-4.1600000;8207.61;9274.60;6524.06
620;35.698000;-5.2600000;8201.80;9268.04;5646.83
621;51.438000;-2.8800000;8201.49;9267.68;7118.75
622;50.978000;1.3000000;8194.20;9259.44;3707.61
623;46.098000;-1.1200000;8171.48;9233.77;7673.60
624;51.278000;2.8000000;8165.46;9226.97;7328.74
625;53.208000;-9.1900000;8159.56;9220.31;6895.31
626;37.578000;-8.8200000;8153.73;9213.71;5939.10
627;45.478000;-0.99000000;8145.55;9204.47;7366.14
628;35.448000;-3.0000000;8119.63;9175.19;6911.60
629;57.588000;24.320000;8114.56;9169.45;2210.63
630;50.958000;1.0900000;8114.07;9168.90;2787.02
631;49.128000;-1.6400000;8093.21;9145.32;1270.08
632;47.898000;-3.9500000;8088.82;9140.36;5622.60
633;36.478000;-6.3000000;8082.00;9132.66;3998.62
634;51.438000;0.85000000;8078.44;9128.64;6881.90
635;50.578000;-1.2800000;8077.36;9127.42;2168.61
636;48.768000;-1.6000000;8073.88;9123.49;2479.43
637;51.578000;1.4000000;8071.08;9120.32;3021.56
638;50.728000;1.1100000;8069.37;9118.39;2400.02
639;52.108000;-10.320000;8058.71;9106.35;3714.08
640;48.678000;-2.8000000;8054.67;9101.78;1628.65
641;45.908000;-1.3100000;8045.25;9091.13;7568.01
642;53.028000;-6.0400000;8035.98;9080.65;5637.19
643;51.638000;1.7300000;8032.75;9077.01;3754.31
644;46.038000;-1.4100000;8031.31;9075.38;7306.33
645;49.438000;-1.1100000;8028.02;9071.66;6592.78
646;51.448000;2.7000000;8023.71;9066.79;7047.33
647;52.368000;-9.8700000;8014.04;9055.86;6804.65
648;52.278000;-10.280000;8007.44;9048.40;4658.19
649;47.678000;-3.9400000;8003.07;9043.47;7529.45
650;53.158000;-6.0400000;7989.38;9028.00;5632.85
651;52.298000;-6.3000000;7986.98;9025.29;2544.17
652;50.768000;-0.89000000;7977.09;9014.11;2201.80
653;50.618000;-2.3600000;7961.96;8997.02;2201.31
654;51.208000;2.6000000;7949.24;8982.64;7142.64
655;57.798000;24.290000;7946.99;8980.10;2031.89
656;57.958000;23.920000;7932.72;8963.97;2207.61
657;53.958000;-6.0700000;7924.39;8954.56;6060.64
658;52.118000;-9.9900000;7921.12;8950.86;5989.26
659;46.348000;-1.3700000;7917.73;8947.04;7424.72
660;53.878000;-6.1800000;7914.64;8943.54;6472.45
661;52.598000;-9.3300000;7907.33;8935.28;6376.44
662;43.418000;-3.2400000;7903.95;8931.46;2595.63
663;51.318000;-3.0900000;7902.12;8929.40;6707.02
664;53.598000;-10.180000;7900.90;8928.01;6314.33
665;51.608000;1.9300000;7897.56;8924.24;3964.36
666;50.818000;1.2400000;7892.36;8918.37;3376.88
667;57.478000;23.080000;7865.31;8887.80;1338.27
668;51.938000;-10.350000;7862.33;8884.44;5024.48
669;35.528000;-5.1400000;7856.01;8877.29;5352.11
670;31.488000;30.420000;7854.08;8875.11;7260.31
671;57.958000;24.250000;7853.76;8874.75;2034.84
672;57.958000;24.030000;7850.31;8870.85;2151.42
673;51.608000;3.6700000;7847.46;8867.63;6553.83
674;57.688000;23.220000;7846.23;8866.24;1573.25
675;49.448000;-1.8200000;7840.82;8860.13;5901.79
676;51.638000;-4.2200000;7839.06;8858.14;5358.25
677;50.608000;-2.8000000;7834.61;8853.11;1441.21
678;52.738000;-4.8100000;7812.22;8827.81;4887.74
679;57.668000;23.460000;7807.30;8822.25;1952.19
680;43.468000;4.2000000;7806.43;8821.26;6841.52
681;36.768000;34.870000;7793.16;8806.27;6946.41
682;52.708000;-5.9500000;7790.69;8803.48;2973.82
683;49.168000;-1.7700000;7788.22;8800.69;653.381
684;51.138000;2.4800000;7788.11;8800.56;6974.96
685;57.658000;23.330000;7782.33;8794.03;1597.90
686;50.598000;-1.8200000;7782.03;8793.70;1615.05
687;51.648000;3.5600000;7775.61;8786.44;6973.20
688;52.258000;-9.8700000;7771.09;8781.33;6830.67
689;45.068000;-1.3000000;7768.31;8778.19;7098.61
690;51.428000;-2.9900000;7755.75;8764.00;6899.54
691;36.568000;-6.4100000;7751.15;8758.80;4518.50
692;57.518000;22.960000;7746.00;8752.98;1240.85
693;57.968000;23.730000;7729.63;8734.48;1985.25
694;50.558000;-3.1300000;7722.32;8726.23;1395.46
695;44.208000;-1.3100000;7721.87;8725.71;6448.13
696;45.688000;-1.4300000;7721.79;8725.62;7203.16
697;48.988000;-1.9300000;7719.29;8722.79;619.836
698;51.738000;-4.4700000;7718.76;8722.20;5024.18
699;51.828000;1.6600000;7718.55;8721.96;2556.37
700;53.208000;-9.0800000;7710.65;8713.03;6546.82
701;51.658000;-4.1100000;7707.72;8709.72;4395.12
702;55.058000;20.730000;7697.21;8697.84;243.876
703;50.708000;-1.8800000;7684.17;8683.11;2273.60
704;35.198000;-4.2700000;7683.54;8682.41;5192.75
705;51.528000;0.96000000;7674.71;8672.42;6129.97
706;35.268000;-3.6100000;7661.98;8658.03;5150.81
707;35.808000;-5.3300000;7658.70;8654.34;5419.28
708;51.098000;-4.1200000;7635.83;8628.49;5628.53
709;45.798000;-1.4000000;7630.48;8622.44;7180.22
710;53.138000;-9.8400000;7627.46;8619.02;5824.38
711;50.478000;1.1400000;7624.81;8616.04;1861.42
712;51.338000;2.5900000;7612.09;8601.66;6789.18
713;50.698000;1.0000000;7606.91;8595.81;2158.70
714;51.768000;1.5200000;7604.59;8593.18;2124.84
715;53.148000;-5.7500000;7601.15;8589.30;3715.82
716;57.848000;24.070000;7595.91;8583.38;1894.13
717;58.068000;23.850000;7587.17;8573.50;1912.24
718;35.428000;-5.0300000;7585.57;8571.69;4474.28
719;44.438000;12.410000;7583.54;8569.40;7069.75
720;49.058000;-1.7500000;7577.03;8562.04;420.637
721;46.168000;-1.2300000;7576.29;8561.21;7118.55
722;51.528000;2.3400000;7572.59;8557.02;4394.44
723;50.578000;-3.3700000;7562.18;8545.26;1121.96
724;51.738000;1.9400000;7557.17;8539.60;3516.29
725;36.728000;-3.9200000;7555.93;8538.20;4932.92
726;51.528000;-9.5300000;7552.56;8534.39;5400.13
727;51.508000;-2.7100000;7537.90;8517.83;6561.52
728;36.728000;-3.7700000;7535.69;8515.33;5105.93
729;52.908000;-4.6500000;7533.32;8512.66;4173.89
730;35.208000;-4.5700000;7531.31;8510.38;5711.08
731;37.158000;-7.5500000;7527.71;8506.31;6894.14
732;53.368000;-6.0200000;7523.58;8501.64;5514.58
733;51.548000;0.84000000;7515.31;8492.30;6445.33
734;35.338000;-3.0400000;7513.53;8490.29;4836.98
735;53.728000;-9.9900000;7503.85;8479.35;5028.61
736;36.548000;-4.6000000;7503.08;8478.48;5925.66
737;50.538000;-3.2600000;7501.81;8477.04;1395.26
738;58.178000;23.750000;7500.78;8475.88;2093.41
739;35.178000;-4.3800000;7493.89;8468.09;4758.30
740;57.688000;22.720000;7489.74;8463.41;1230.45
741;51.528000;2.4800000;7467.28;8438.02;5579.00
742;36.478000;1.0200000;7467.00;8437.71;4576.93
743;52.958000;-5.8100000;7457.06;8426.48;2718.13
744;57.948000;22.690000;7452.63;8421.47;1733.93
745;55.108000;21.110000;7449.24;8417.64;234.187
746;45.928000;-1.4200000;7447.00;8415.11;7006.07
747;43.488000;-5.0800000;7446.88;8414.97;2841.21
748;57.318000;23.190000;7444.22;8411.97;906.240
749;51.428000;-3.1200000;7442.40;8409.91;6567.92
750;52.738000;-4.6900000;7440.33;8407.58;3633.45
751;50.678000;-0.20000000;7439.65;8406.81;1394.51
752;51.898000;1.8700000;7431.89;8398.04;2869.40
753;48.608000;-2.6900000;7430.85;8396.87;2331.87
754;36.498000;1.1300000;7408.06;8371.11;5432.74
755;36.128000;-6.0800000;7405.15;8367.82;6092.82
756;35.228000;-3.8300000;7400.10;8362.11;3372.35
757;57.958000;24.140000;7399.51;8361.45;1826.95
758;44.448000;-1.2700000;7397.63;8359.32;2812.54
759;51.538000;1.0700000;7385.17;8345.25;3509.83
760;44.738000;-1.2900000;7377.45;8336.51;6210.51
761;48.658000;-2.0900000;7376.47;8335.41;2922.76
762;35.248000;-4.7400000;7376.08;8334.97;5060.69
763;35.318000;-4.8600000;7372.95;8331.43;4640.83
764;44.618000;12.520000;7367.74;8325.54;6854.90
765;36.518000;1.2400000;7362.68;8319.83;5439.13
766;51.748000;3.8200000;7361.40;8318.38;6376.45
767;53.988000;-6.2100000;7360.19;8317.01;6179.47
768;35.218000;-3.4000000;7358.84;8315.48;4426.52
769;58.038000;23.600000;7356.25;8312.56;1752.20
770;53.318000;-6.1300000;7354.19;8310.24;5732.81
771;36.338000;0.68000000;7351.39;8307.07;4793.95
772;52.968000;-5.9200000;7349.15;8304.54;3601.91
773;48.198000;-4.5100000;7342.99;8297.58;6789.39
774;51.718000;3.6800000;7341.11;8295.46;6316.24
775;35.288000;-3.1500000;7337.52;8291.39;4593.76
776;52.528000;-6.1400000;7333.13;8286.44;1723.24
777;36.368000;0.83000000;7331.34;8284.41;4168.28
778;45.438000;-1.2800000;7324.46;8276.64;6807.83
779;36.728000;-3.6600000;7313.91;8264.71;3157.09
780;52.038000;3.7200000;7313.45;8264.20;6495.85
781;46.278000;-1.5200000;7312.83;8263.50;6796.40
782;53.608000;-6.0500000;7307.19;8257.12;5437.31
783;35.228000;-3.2900000;7303.37;8252.80;4078.12
784;58.138000;23.260000;7301.16;8250.31;1819.69
785;53.868000;-10.210000;7296.21;8244.72;5543.12
786;51.468000;2.8100000;7295.30;8243.69;6459.50
787;57.928000;23.070000;7291.72;8239.64;1837.58
788;37.108000;-6.7600000;7290.05;8237.76;5524.33
789;37.158000;-6.8800000;7284.19;8231.13;5669.89
790;35.728000;-0.91000000;7277.20;8223.24;5211.89
791;51.848000;-8.2900000;7276.40;8222.33;3051.67
792;49.558000;-1.2500000;7274.15;8219.79;6378.64
793;36.208000;0.36000000;7266.64;8211.31;5545.76
794;52.028000;-4.9300000;7266.20;8210.81;5436.32
795;46.148000;-1.3400000;7260.70;8204.59;6799.66
796;51.518000;0.73000000;7259.60;8203.35;6409.49
797;51.168000;2.7100000;7257.76;8201.27;6138.10
798;51.258000;2.9100000;7257.08;8200.50;6489.09
799;53.258000;-5.8000000;7255.28;8198.47;2668.04
800;36.408000;-5.1800000;7253.86;8196.86;5354.94
801;57.798000;22.600000;7240.32;8181.56;1312.72
802;36.238000;0.47000000;7236.44;8177.18;4327.91
803;51.608000;-3.9600000;7227.48;8167.05;6015.53
804;57.808000;23.100000;7226.13;8165.53;1417.83
805;50.568000;0.92000000;7218.56;8156.98;1720.68
806;35.778000;-0.80000000;7199.83;8135.81;5901.69
807;51.568000;2.9700000;7196.57;8132.12;6423.75
808;46.838000;-2.2700000;7195.43;8130.83;6771.64
809;52.758000;-4.5800000;7189.54;8124.18;3113.80
810;52.108000;-7.6200000;7177.72;8110.83;2300.05
811;35.678000;-1.0400000;7164.88;8096.31;5655.89
812;36.158000;-5.9700000;7163.74;8095.02;5688.85
813;51.758000;3.5700000;7163.51;8094.77;6431.94
814;36.118000;0.22000000;7160.15;8090.97;5265.53
815;51.858000;3.8300000;7147.59;8076.78;6420.69
816;51.828000;3.7100000;7147.33;8076.48;6419.88
817;51.368000;2.9200000;7140.94;8069.26;6389.75
818;51.668000;3.4500000;7139.22;8067.32;6400.84
819;37.118000;-8.9400000;7139.02;8067.09;4485.65
820;36.118000;-5.8400000;7138.23;8066.20;5152.40
821;51.638000;0.96000000;7136.67;8064.44;4570.74
822;58.068000;23.960000;7136.36;8064.08;1614.62
823;36.618000;-4.4900000;7127.13;8053.66;5466.92
824;44.338000;-1.2800000;7125.62;8051.95;6127.22
825;51.948000;3.4400000;7120.54;8046.21;6188.88
826;53.618000;-10.070000;7117.71;8043.02;4543.54
827;35.888000;-0.48000000;7117.63;8042.92;5303.90
828;58.068000;24.100000;7106.14;8029.94;1649.70
829;57.928000;22.580000;7088.11;8009.57;1439.89
830;53.768000;-6.2400000;7080.87;8001.38;5682.36
831;50.678000;-0.090000000;7078.03;7998.17;1289.29
832;51.938000;1.7300000;7070.68;7989.87;2490.92
833;58.088000;22.910000;7068.67;7987.59;1328.01
834;51.538000;3.3900000;7062.42;7980.53;6331.71
835;51.588000;1.2800000;7058.57;7976.19;1646.23
836;50.418000;0.99000000;7055.87;7973.14;1331.98
837;53.088000;-5.9300000;7053.65;7970.63;3157.48
838;53.328000;-4.6800000;7053.06;7969.95;5230.44
839;46.148000;-1.4500000;7048.71;7965.04;6552.37
840;53.618000;-6.1700000;7043.62;7959.29;5676.67
841;50.678000;0.030000000;7041.52;7956.92;1550.89
842;51.448000;3.5600000;7033.89;7948.29;6138.55
843;52.158000;3.8900000;7033.52;7947.88;6261.72
844;44.628000;-1.2600000;7032.77;7947.03;5952.11
845;58.138000;23.430000;7023.92;7937.03;1380.35
846;53.418000;-4.5300000;7021.52;7934.32;5411.80
847;51.578000;2.7300000;7016.52;7928.67;6025.94
848;51.398000;0.63000000;7015.42;7927.42;5704.48
849;53.728000;-10.100000;7010.72;7922.11;4880.44
850;58.038000;23.060000;7006.82;7917.70;1581.94
851;52.038000;3.6000000;7002.85;7913.23;6194.69
852;52.008000;1.8400000;6993.44;7902.59;2641.01
853;46.018000;-1.3000000;6993.04;7902.13;6569.47
854;51.848000;2.0100000;6990.43;7899.19;2904.34
855;51.638000;2.4000000;6986.65;7894.92;3895.48
856;35.918000;-0.37000000;6985.42;7893.52;5122.19
857;53.308000;-4.5700000;6982.03;7889.69;4992.12
858;37.828000;-0.74000000;6980.25;7887.68;169.129
859;55.158000;21.000000;6970.38;7876.52;326.490
860;52.848000;-5.8900000;6967.03;7872.74;2085.32
861;36.498000;-4.8300000;6966.61;7872.27;5076.67
862;35.938000;-3.0400000;6956.58;7860.94;5466.47
863;36.558000;1.3700000;6956.39;7860.72;5623.76
864;36.718000;-4.2700000;6956.28;7860.60;5627.69
865;53.058000;-9.3800000;6952.53;7856.35;4981.19
866;51.558000;2.5900000;6950.38;7853.93;5535.99
867;51.878000;3.3000000;6947.51;7850.69;5466.79
868;36.108000;-6.1900000;6946.03;7849.02;5821.73
869;36.108000;-6.3000000;6929.94;7830.83;5472.47
870;58.148000;23.640000;6923.79;7823.88;1553.81
871;51.878000;3.5600000;6919.82;7819.40;6125.17
872;58.148000;23.150000;6912.64;7811.28;1327.25
873;40.728000;-8.6600000;6908.99;7807.16;2624.64
874;50.598000;-2.9100000;6905.63;7803.36;1053.87
875;51.778000;3.4400000;6887.53;7782.91;6128.03
876;51.498000;3.2200000;6887.06;7782.38;6164.12
877;58.308000;23.650000;6883.44;7778.29;1624.85
878;51.608000;3.0800000;6878.25;7772.43;6126.85
879;51.578000;2.8400000;6876.24;7770.15;6037.46
880;36.298000;-5.2500000;6871.34;7764.61;5843.23
881;37.348000;-8.8700000;6870.61;7763.79;5128.75
882;35.778000;-0.52000000;6862.79;7754.96;3042.81
883;54.018000;-5.9600000;6862.32;7754.42;4109.04
884;50.588000;-3.0200000;6858.86;7750.51;1026.84
885;51.468000;3.7000000;6857.19;7748.63;5998.92
886;53.398000;-3.3700000;6851.62;7742.34;6107.52
887;51.938000;1.6200000;6847.98;7738.22;2189.77
888;43.508000;-5.2200000;6846.92;7737.02;4503.61
889;36.998000;-6.6700000;6837.32;7726.17;6363.79
890;35.588000;-1.1500000;6834.22;7722.67;5208.05
891;52.148000;-9.8600000;6830.53;7718.50;2553.77
892;36.008000;0.11000000;6824.78;7712.00;3884.57
893;51.498000;3.0800000;6816.00;7702.08;6060.37
894;44.328000;12.350000;6799.80;7683.78;6351.66
895;45.178000;-1.3000000;6795.67;7679.11;6361.73
896;52.148000;3.7000000;6792.75;7675.81;5998.56
897;45.328000;-1.2800000;6784.87;7666.90;6373.10
898;36.188000;-5.3200000;6781.79;7663.43;5998.86
899;51.638000;3.7900000;6775.25;7656.04;6060.94
900;53.448000;-4.4200000;6762.60;7641.74;5374.34
901;58.098000;24.210000;6748.41;7625.70;1167.52
902;40.478000;22.830000;6747.24;7624.38;2314.32
903;51.358000;3.2800000;6746.29;7623.30;5743.49
904;54.108000;-10.240000;6742.68;7619.23;5309.40
905;58.148000;23.040000;6741.08;7617.43;1079.20
906;53.498000;-6.0800000;6739.06;7615.14;4636.70
907;51.818000;4.1400000;6734.80;7610.32;5669.88
908;51.378000;3.0300000;6733.62;7608.99;6028.57
909;51.988000;3.3300000;6726.55;7601.01;5403.15
910;57.998000;22.800000;6725.51;7599.83;1052.44
911;36.538000;1.4800000;6724.50;7598.69;5309.20
912;50.268000;1.5400000;6724.39;7598.56;4745.75
913;43.338000;5.0300000;6717.56;7590.84;5187.92
914;52.198000;4.0100000;6717.20;7590.44;5999.98
915;36.728000;-4.1300000;6711.82;7584.36;5384.83
916;43.528000;4.0900000;6709.20;7581.39;6052.07
917;53.838000;-6.0700000;6704.07;7575.60;3086.93
918;37.058000;-7.7300000;6703.54;7575.00;6146.33
919;53.598000;-10.300000;6702.79;7574.16;5518.37
920;36.578000;1.9400000;6676.30;7544.22;5337.89
921;51.508000;0.50000000;6670.79;7538.00;5435.94
922;57.578000;22.740000;6668.90;7535.85;824.022
923;58.248000;23.260000;6667.73;7534.53;1349.17
924;51.848000;3.9600000;6663.56;7529.82;5958.91
925;51.388000;3.3900000;6654.29;7519.35;5672.48
926;58.118000;22.660000;6652.44;7517.26;765.363
927;36.568000;1.8100000;6651.02;7515.65;4535.40
928;52.818000;-6.0000000;6647.87;7512.09;1492.99
929;53.978000;-10.260000;6646.96;7511.06;5489.12
930;43.538000;3.9600000;6646.48;7510.52;6099.36
931;51.768000;3.2300000;6646.46;7510.50;5648.60
932;52.318000;3.8600000;6646.12;7510.11;5853.94
933;51.678000;2.5100000;6645.38;7509.28;3810.07
934;53.958000;-6.3600000;6643.22;7506.84;5384.61
935;52.058000;3.4900000;6640.41;7503.66;5831.79
936;36.558000;1.7000000;6639.93;7503.13;5225.93
937;52.638000;-6.1000000;6632.86;7495.13;1420.05
938;44.328000;12.460000;6626.41;7487.84;6202.65
939;36.578000;2.0500000;6618.57;7478.98;5032.42
940;53.458000;-3.2600000;6615.34;7475.33;5825.76
941;52.008000;2.0700000;6611.94;7471.50;2604.75
942;54.318000;-9.0200000;6611.42;7470.90;5149.57
943;35.738000;-0.69000000;6604.08;7462.61;3167.26
944;50.538000;1.6100000;6602.67;7461.02;5361.77
945;58.248000;23.370000;6599.76;7457.73;1309.42
946;50.318000;-5.2700000;6590.96;7447.79;1150.01
947;58.248000;23.480000;6583.54;7439.40;1187.25
948;54.308000;-10.020000;6580.58;7436.06;5016.81
949;51.938000;3.1900000;6580.16;7435.58;3286.20
950;36.718000;-4.3800000;6577.39;7432.45;3349.93
951;40.618000;26.030000;6569.63;7423.68;3061.91
952;54.288000;-8.8900000;6567.13;7420.86;5202.96
953;51.338000;3.1700000;6560.08;7412.89;5544.60
954;54.348000;-9.6100000;6557.44;7409.91;5198.99
955;51.538000;-2.9900000;6549.45;7400.88;5787.89
956;36.608000;2.1600000;6543.38;7394.02;4201.41
957;53.618000;-9.9400000;6538.58;7388.59;3897.78
958;54.448000;-8.6500000;6538.34;7388.33;4811.11
959;51.508000;0.62000000;6537.97;7387.90;5432.39
960;54.668000;-4.9700000;6521.54;7369.34;5238.90
961;51.808000;1.4100000;6521.42;7369.20;1398.45
962;52.308000;4.0600000;6500.53;7345.60;5820.55
963;57.878000;23.210000;6481.56;7324.17;-329.361
964;52.438000;-4.1500000;6481.31;7323.88;5481.50
965;52.088000;-4.8200000;6480.40;7322.85;5005.24
966;57.928000;22.470000;6480.35;7322.80;1091.81
967;51.778000;-9.9900000;6479.31;7321.62;2582.23
968;58.108000;22.800000;6465.88;7306.44;767.504
969;51.968000;3.8300000;6464.89;7305.32;5811.29
970;51.368000;3.9000000;6461.37;7301.34;5664.15
971;58.198000;22.910000;6446.83;7284.92;828.676
972;50.758000;1.6000000;6439.78;7276.96;5234.56
973;53.788000;-9.8800000;6439.08;7276.16;4608.83
974;50.708000;-2.9900000;6433.68;7270.06;874.365
975;52.198000;4.1200000;6429.18;7264.98;5786.12
976;58.068000;24.320000;6428.09;7263.75;938.101
977;35.478000;-1.2300000;6426.23;7261.64;3758.18
978;36.638000;2.2700000;6423.21;7258.22;4709.42
979;36.728000;-2.9300000;6420.44;7255.09;3131.61
980;50.648000;-3.2400000;6414.74;7248.65;952.847
981;54.898000;-5.1600000;6411.75;7245.28;5082.11
982;35.328000;-1.4400000;6410.43;7243.79;4184.18
983;52.258000;3.7500000;6389.98;7220.67;5545.04
984;51.778000;1.7700000;6389.55;7220.19;1378.12
985;51.788000;3.1200000;6386.52;7216.76;5341.69
986;52.088000;4.0000000;6375.63;7204.47;5731.71
