farm;lat;lon;fw;Nf;Ns
1;38.618000;-9.3000000;2575.99;92510.2;204219.
2;38.698000;-9.3700000;2558.04;91865.5;202801.
3;38.608000;-9.2400000;2525.33;90691.0;197523.
4;38.698000;-9.1100000;2520.13;90504.3;178161.
5;36.788000;-6.3900000;2509.10;90108.0;198988.
6;38.618000;-9.3600000;2482.04;89136.2;196780.
7;36.068000;-5.4200000;2475.11;88887.5;192984.
8;39.058000;-9.4700000;2465.70;88549.5;194177.
9;38.698000;-9.4800000;2459.92;88341.8;193016.
10;36.508000;-4.6700000;2451.18;88028.0;177934.
11;36.058000;-5.4800000;2435.54;87466.3;190014.
12;39.178000;-9.3800000;2433.57;87395.5;191321.
13;38.678000;-9.3100000;2425.98;87123.0;192829.
14;38.548000;-9.2000000;2412.07;86623.3;186080.
15;36.528000;-4.6100000;2376.53;85347.1;177628.
16;38.838000;-9.4800000;2373.70;85245.5;186450.
17;36.488000;-4.7300000;2365.20;84940.3;180373.
18;35.518000;-5.1500000;2347.20;84293.6;130730.
19;36.038000;-5.6800000;2341.82;84100.4;182865.
20;38.918000;-9.4500000;2339.50;84017.2;183323.
21;36.028000;-5.5400000;2335.34;83868.0;181484.
22;36.028000;-5.6200000;2328.62;83626.6;180900.
23;36.508000;-4.8700000;2297.07;82493.5;153383.
24;35.428000;-5.0600000;2292.27;82321.3;159546.
25;36.118000;-6.1600000;2275.25;81710.0;175040.
26;36.488000;-4.7900000;2273.98;81664.2;173052.
27;36.058000;-5.7400000;2253.40;80925.4;174989.
28;36.098000;-6.2200000;2245.73;80649.6;170745.
29;35.898000;-5.3000000;2232.15;80162.1;172886.
30;38.418000;-9.2300000;2229.59;80070.3;171119.
31;36.118000;-5.3200000;2223.05;79835.1;172342.
32;36.128000;-6.1000000;2214.40;79524.8;170837.
33;36.498000;-4.9300000;2202.70;79104.4;152865.
34;36.578000;-4.5500000;2190.07;78651.0;163226.
35;36.428000;-5.1400000;2189.30;78623.2;155962.
36;36.128000;-5.4200000;2175.38;78123.3;168580.
37;36.448000;-5.0800000;2173.23;78046.2;160793.
38;36.098000;-6.2800000;2166.72;77812.5;162905.
39;36.568000;-6.2200000;2150.34;77223.9;74336.4
40;36.458000;-5.0200000;2146.54;77087.7;163499.
41;36.088000;-5.8000000;2144.68;77020.9;163614.
42;36.158000;-6.2200000;2144.37;77009.6;154597.
43;36.178000;-6.1600000;2136.28;76719.2;153212.
44;35.838000;-5.3300000;2135.99;76708.8;160013.
45;36.188000;-6.1000000;2131.55;76549.1;159838.
46;39.488000;-9.1900000;2124.86;76308.9;164957.
47;35.688000;-5.2500000;2119.98;76133.8;154435.
48;35.278000;-3.9100000;2118.79;76091.2;154840.
49;35.928000;-5.3600000;2105.47;75612.7;165003.
50;35.258000;-4.0100000;2102.80;75516.7;153659.
51;35.438000;-2.9400000;2099.17;75386.3;159442.
52;36.808000;-6.4800000;2098.87;75375.5;166431.
53;36.158000;-6.0400000;2097.31;75319.6;161344.
54;38.778000;-9.5000000;2097.23;75316.9;163793.
55;35.288000;-3.7300000;2092.64;75152.0;153939.
56;36.658000;-6.4400000;2090.22;75065.0;159615.
57;36.738000;-6.4900000;2086.96;74947.8;164380.
58;35.288000;-3.6700000;2085.63;74900.2;152001.
59;35.388000;-4.9600000;2085.10;74881.3;132539.
60;35.248000;-4.0700000;2084.19;74848.5;147476.
61;35.208000;-4.5700000;2082.80;74798.5;147138.
62;39.358000;-9.4300000;2082.75;74796.7;163840.
63;35.448000;-3.0000000;2076.30;74565.1;156077.
64;36.868000;-6.4700000;2074.24;74491.1;163259.
65;39.118000;-9.4100000;2070.30;74349.5;160416.
66;35.218000;-4.1800000;2063.52;74106.1;149529.
67;37.168000;-7.5100000;2058.75;73934.7;161751.
68;36.388000;-5.2000000;2058.25;73916.8;145977.
69;40.288000;-8.9100000;2057.34;73884.3;162125.
70;39.408000;-9.5100000;2053.22;73736.3;160616.
71;39.428000;-9.2600000;2050.77;73648.1;160564.
72;35.228000;-4.6400000;2050.58;73641.4;133462.
73;38.488000;-8.9500000;2049.02;73585.6;136499.
74;38.418000;-9.1700000;2048.93;73582.2;154092.
75;39.398000;-9.3200000;2044.61;73427.0;157554.
76;35.918000;-5.4200000;2042.52;73352.1;159702.
77;35.318000;-4.8600000;2039.74;73252.0;130719.
78;35.778000;-5.3300000;2039.37;73239.0;139210.
79;35.238000;-4.7200000;2037.10;73157.4;135277.
80;38.088000;-8.8100000;2036.98;73153.2;155099.
81;37.188000;-7.4000000;2036.29;73128.4;161457.
82;36.508000;-6.3000000;2031.86;72969.1;144931.
83;36.628000;-6.3400000;2030.96;72936.9;129629.
84;40.348000;-8.8900000;2030.65;72925.7;160083.
85;36.618000;-4.4900000;2028.41;72845.2;145160.
86;38.478000;-8.8900000;2026.74;72785.3;129957.
87;35.268000;-3.6100000;2024.66;72710.8;136736.
88;35.228000;-3.2900000;2024.56;72707.1;128491.
89;35.488000;-5.0900000;2024.37;72700.1;135955.
90;38.698000;-9.2500000;2023.58;72671.8;160613.
91;35.198000;-4.2400000;2018.97;72506.2;140857.
92;39.298000;-9.3700000;2018.45;72487.6;157540.
93;36.678000;-6.5000000;2016.65;72422.9;156516.
94;35.388000;-3.0200000;2008.85;72143.0;146347.
95;40.228000;-8.9300000;2006.54;72060.0;158028.
96;35.328000;-4.9200000;2005.32;72016.2;106128.
97;39.738000;-9.0600000;2002.63;71919.6;153554.
98;35.248000;-3.2200000;1995.74;71672.1;121385.
99;35.208000;-3.3500000;1995.45;71661.6;129776.
100;35.198000;-4.5100000;1991.37;71514.9;122426.
101;36.718000;-4.2800000;1990.57;71486.2;149761.
102;35.298000;-3.1400000;1990.56;71486.1;133243.
103;35.278000;-4.8000000;1989.70;71455.0;118732.
104;36.158000;-5.9800000;1988.38;71407.6;152280.
105;35.218000;-3.4300000;1987.99;71393.6;128597.
106;36.568000;-6.3200000;1987.72;71383.9;121799.
107;36.388000;-6.2800000;1986.25;71331.1;122249.
108;35.188000;-4.3100000;1985.96;71320.8;132062.
109;36.308000;-5.2300000;1985.78;71314.3;151481.
110;36.288000;-6.2400000;1985.40;71300.8;122361.
111;38.388000;-8.8300000;1981.35;71155.2;156081.
112;40.118000;-8.9300000;1976.06;70965.4;155988.
113;35.178000;-4.3800000;1974.01;70891.6;127979.
114;36.718000;-4.2000000;1968.97;70710.7;146746.
115;38.488000;-9.2000000;1968.91;70708.6;140827.
116;37.198000;-7.3300000;1967.73;70666.1;156073.
117;35.328000;-3.0600000;1963.91;70528.8;124139.
118;39.798000;-9.0500000;1963.06;70498.3;150651.
119;39.548000;-9.1400000;1962.59;70481.5;150143.
120;37.248000;-7.4200000;1961.08;70427.3;23094.1
121;36.598000;-6.4000000;1960.64;70411.4;135987.
122;35.228000;-3.8500000;1959.78;70380.7;116727.
123;36.718000;-4.3400000;1959.22;70360.4;139263.
124;35.228000;-3.5000000;1958.72;70342.7;120542.
125;37.838000;-0.75000000;1956.93;70278.3;45354.7
126;35.178000;-4.4400000;1950.92;70062.5;118735.
127;37.978000;-8.8900000;1949.03;69994.4;150303.
128;36.798000;-6.5400000;1947.73;69947.9;151888.
129;36.448000;-6.3100000;1947.42;69936.6;124720.
130;38.428000;-9.1100000;1947.23;69930.0;148390.
131;40.168000;-8.8700000;1942.27;69751.7;153301.
132;35.758000;-0.77000000;1932.94;69416.6;58452.6
133;35.568000;-5.2100000;1931.89;69379.0;120350.
134;36.178000;-5.3200000;1930.87;69342.3;150459.
135;36.248000;-5.2800000;1930.35;69323.8;149020.
136;38.318000;-8.8000000;1930.17;69317.1;151751.
137;36.138000;-5.8600000;1925.35;69144.1;143901.
138;36.718000;-3.7300000;1923.93;69093.1;112692.
139;38.458000;-9.0100000;1921.42;69002.9;144621.
140;40.688000;0.86000000;1919.27;68925.8;152329.
141;36.928000;-6.4900000;1918.11;68884.2;149556.
142;40.638000;0.72000000;1916.60;68829.8;152222.
143;36.728000;-4.1300000;1914.44;68752.5;142434.
144;39.238000;-9.3600000;1914.09;68739.8;148181.
145;40.058000;-8.9600000;1908.86;68552.0;150432.
146;36.238000;-6.1800000;1907.93;68518.7;120118.
147;36.738000;-6.5500000;1907.35;68497.8;148733.
148;38.228000;-8.7900000;1907.21;68492.7;152388.
149;40.408000;-8.8700000;1901.86;68300.5;149620.
150;36.508000;-6.3600000;1901.07;68272.4;122698.
151;35.698000;-0.97000000;1894.74;68044.9;136990.
152;35.718000;-5.3100000;1890.47;67891.5;106334.
153;40.838000;0.75000000;1889.67;67862.8;150077.
154;40.658000;0.80000000;1888.24;67811.2;149975.
155;36.158000;-5.9200000;1885.38;67708.6;143033.
156;35.758000;-0.83000000;1884.08;67662.0;131494.
157;36.728000;-3.6700000;1883.43;67638.5;94930.1
158;39.348000;-9.6600000;1881.32;67562.8;140377.
159;39.928000;-9.0000000;1881.05;67553.3;147597.
160;35.228000;-3.7900000;1881.04;67553.0;105006.
161;39.988000;-8.9800000;1877.06;67409.8;148065.
162;35.728000;-0.91000000;1872.60;67249.9;125664.
163;35.628000;-5.2500000;1872.37;67241.6;115555.
164;36.678000;-6.5600000;1864.65;66964.4;141496.
165;36.708000;-4.4000000;1862.67;66893.3;110180.
166;35.678000;-1.0400000;1861.53;66852.0;132367.
167;35.628000;-1.1000000;1861.27;66843.0;126839.
168;36.728000;-3.5800000;1852.44;66525.8;77166.7
169;39.478000;-9.5300000;1852.09;66513.2;140715.
170;37.828000;-8.8300000;1851.17;66480.1;142374.
171;36.728000;-3.9200000;1849.03;66403.4;106152.
172;38.498000;-8.8300000;1848.49;66383.8;71169.7
173;36.448000;-6.2500000;1846.97;66329.3;111643.
174;37.898000;-0.74000000;1845.71;66284.1;38195.4
175;36.738000;-3.9800000;1842.92;66183.9;136544.
176;40.568000;-8.8300000;1840.98;66114.3;145356.
177;36.748000;-4.0700000;1839.23;66051.4;138025.
178;36.728000;-2.9300000;1837.05;65973.2;97065.8
179;35.588000;-1.1900000;1832.77;65819.2;132137.
180;37.888000;-8.8100000;1832.06;65793.9;139371.
181;36.688000;-2.8400000;1830.13;65724.6;110437.
182;40.558000;0.54000000;1828.18;65654.7;145037.
183;36.808000;3.0700000;1827.43;65627.6;82742.3
184;35.188000;-2.3900000;1825.09;65543.5;115661.
185;40.508000;-8.8400000;1824.83;65534.1;143900.
186;39.858000;-9.0300000;1820.62;65383.1;142004.
187;35.328000;-1.4400000;1820.28;65370.9;109278.
188;38.258000;-0.51000000;1816.67;65241.2;42595.9
189;40.588000;0.60000000;1816.31;65228.1;144208.
190;35.938000;-3.0300000;1815.16;65186.8;115008.
191;36.208000;0.35000000;1814.21;65152.8;127330.
192;35.288000;-1.5300000;1805.01;64822.5;111346.
193;39.668000;-9.1000000;1804.82;64815.6;141309.
194;36.868000;-6.5300000;1803.89;64782.1;141317.
195;36.498000;1.0700000;1803.07;64752.9;129683.
196;35.888000;-0.48000000;1802.88;64745.9;120409.
197;35.188000;-2.4500000;1802.85;64744.7;110733.
198;39.588000;-9.0800000;1795.86;64493.8;135174.
199;35.168000;-2.3300000;1795.57;64483.5;105564.
200;36.518000;1.1800000;1794.54;64446.4;129102.
201;38.138000;-0.63000000;1793.60;64412.7;37601.7
202;40.578000;0.70000000;1793.32;64402.7;142414.
203;36.458000;0.95000000;1791.15;64324.8;123642.
204;40.668000;0.92000000;1789.59;64268.7;141780.
205;35.918000;-0.34000000;1788.72;64237.4;114156.
206;37.778000;-0.73000000;1787.26;64184.9;44530.9
207;36.678000;-2.7800000;1786.73;64165.9;100175.
208;37.778000;-0.79000000;1785.44;64119.6;36975.1
209;35.248000;-1.6000000;1785.19;64110.5;105673.
210;36.518000;1.2400000;1784.89;64099.7;128418.
211;36.548000;1.3400000;1781.86;63991.2;129277.
212;37.148000;-7.5700000;1779.51;63906.8;138827.
213;36.678000;-2.6600000;1776.73;63806.7;93408.8
214;36.118000;0.21000000;1775.96;63779.2;119131.
215;35.328000;-1.3800000;1770.70;63590.1;82234.0
216;35.128000;-2.1400000;1770.44;63581.1;104352.
217;35.148000;-2.2700000;1770.12;63569.4;101939.
218;31.528000;31.890000;1768.69;63518.0;140798.
219;36.348000;-6.2200000;1766.54;63440.9;106274.
220;36.218000;0.41000000;1763.34;63325.9;111409.
221;40.628000;-8.8100000;1759.25;63179.1;138972.
222;36.548000;1.4100000;1758.64;63157.3;126221.
223;35.798000;-0.50000000;1754.79;63019.0;91115.3
224;36.798000;-6.6000000;1752.94;62952.6;137891.
225;38.078000;-0.64000000;1752.54;62937.9;38760.2
226;36.248000;-6.1200000;1749.74;62837.4;113916.
227;35.528000;-1.2200000;1744.68;62655.8;120898.
228;36.548000;1.4700000;1744.44;62647.2;124452.
229;36.968000;-6.5500000;1744.25;62640.5;136361.
230;40.698000;-8.8000000;1744.00;62631.5;137763.
231;38.198000;-0.51000000;1742.40;62573.8;52452.4
232;35.748000;-0.71000000;1741.87;62555.0;85664.9
233;36.738000;-6.6100000;1740.56;62508.0;134793.
234;35.198000;-1.6900000;1740.16;62493.6;99181.8
235;36.328000;0.64000000;1740.07;62490.4;117185.
236;36.138000;0.27000000;1738.93;62449.1;104364.
237;35.108000;-2.0800000;1734.12;62276.8;92284.9
238;36.238000;0.47000000;1733.50;62254.2;110080.
239;40.988000;-8.7300000;1732.89;62232.5;137229.
240;36.288000;0.57000000;1732.86;62231.2;111358.
241;35.148000;-1.8100000;1730.70;62153.7;97877.7
242;37.108000;-6.7500000;1730.25;62137.6;119309.
243;35.128000;-2.2000000;1730.17;62134.8;96358.5
244;31.528000;31.950000;1729.33;62104.6;137543.
245;36.548000;1.5300000;1726.56;62005.1;123268.
246;36.718000;-6.4300000;1721.42;61820.3;123671.
247;37.708000;-8.8100000;1719.72;61759.6;130024.
248;36.008000;0.11000000;1718.16;61703.5;99290.3
249;36.708000;-3.3500000;1718.14;61702.8;130153.
250;35.738000;-0.60000000;1717.26;61670.9;79438.2
251;36.738000;-3.7900000;1714.99;61589.6;126124.
252;40.978000;-8.6700000;1707.66;61326.3;135218.
253;40.758000;0.82000000;1707.04;61304.0;136537.
254;36.338000;0.70000000;1706.87;61297.8;108413.
255;36.368000;0.80000000;1696.98;60942.9;107706.
256;31.498000;30.410000;1693.27;60809.5;134703.
257;40.758000;-8.7800000;1691.18;60734.6;133598.
258;35.458000;-1.2400000;1690.66;60715.8;98165.4
259;40.928000;-8.7600000;1689.77;60684.0;133662.
260;36.738000;-3.0700000;1687.68;60608.8;126745.
261;35.098000;-2.0200000;1686.68;60572.9;85744.2
262;36.548000;1.6000000;1683.18;60447.3;120137.
263;36.738000;-3.1600000;1682.85;60435.3;126389.
264;41.588000;-8.8100000;1682.80;60433.6;132385.
265;41.118000;-8.7500000;1682.79;60433.2;133266.
266;35.948000;0.080000000;1679.11;60301.0;80479.4
267;35.368000;-1.3000000;1678.32;60272.6;78103.2
268;31.498000;30.470000;1674.39;60131.6;133092.
269;37.028000;-6.6100000;1673.66;60105.4;124143.
270;36.398000;0.90000000;1672.42;60060.9;101035.
271;37.058000;-7.7300000;1672.29;60056.2;130194.
272;36.738000;-3.0100000;1670.34;59986.0;123329.
273;35.118000;-1.8700000;1669.42;59953.1;90315.2
274;40.818000;-8.7600000;1668.94;59935.9;131884.
275;41.048000;-8.7300000;1664.40;59772.8;131818.
276;36.838000;4.9500000;1662.45;59702.9;61708.5
277;35.108000;-1.9500000;1661.50;59668.7;86135.7
278;35.128000;-2.4800000;1660.54;59634.0;61490.7
279;36.978000;10.260000;1659.25;59587.8;127754.
280;37.968000;-0.69000000;1658.88;59574.6;42164.2
281;35.158000;-2.7400000;1658.58;59563.8;70667.7
282;36.628000;2.2400000;1657.98;59542.2;111974.
283;35.818000;-0.070000000;1656.74;59497.7;75566.2
284;37.078000;-6.6900000;1650.32;59267.2;116801.
285;36.698000;-3.4100000;1650.16;59261.3;125238.
286;41.968000;-8.8900000;1649.70;59244.7;129930.
287;37.088000;-7.6600000;1647.19;59154.7;128986.
288;31.548000;31.830000;1646.82;59141.5;131052.
289;35.118000;-2.6600000;1645.51;59094.5;63051.7
290;36.648000;2.3000000;1643.87;59035.4;107887.
291;36.558000;1.6800000;1643.84;59034.4;116747.
292;41.108000;-8.6700000;1643.79;59032.6;130417.
293;36.618000;2.1800000;1642.48;58985.6;107474.
294;31.498000;30.350000;1641.87;58963.5;130561.
295;35.318000;-2.9100000;1638.60;58846.1;88571.6
296;41.738000;-8.9100000;1636.98;58788.0;129160.
297;35.148000;-1.7500000;1635.98;58752.1;77025.4
298;36.678000;-2.7200000;1635.44;58732.8;123711.
299;36.738000;-3.2900000;1635.42;58732.0;122040.
300;35.378000;-2.9500000;1633.19;58652.1;105504.
301;42.458000;-8.9300000;1630.83;58567.0;128991.
302;37.578000;-8.8200000;1630.04;58538.6;123748.
303;36.858000;-6.5900000;1629.79;58529.7;128194.
304;36.568000;1.8100000;1627.80;58458.4;110227.
305;37.208000;-8.9200000;1625.21;58365.5;126505.
306;36.658000;2.3600000;1624.40;58336.2;106521.
307;37.138000;-6.8300000;1623.64;58309.0;115426.
308;37.038000;10.220000;1622.23;58258.4;128359.
309;36.798000;-6.6600000;1621.77;58241.8;123850.
310;31.588000;31.890000;1621.28;58224.3;128850.
311;36.728000;-2.2100000;1618.98;58141.6;95701.8
312;35.238000;-2.8400000;1617.85;58100.9;78063.3
313;36.698000;-3.4700000;1616.28;58044.8;123251.
314;35.818000;-0.21000000;1614.58;57983.7;66281.9
315;36.578000;1.8700000;1612.37;57904.1;115638.
316;31.518000;32.010000;1612.14;57896.1;128084.
317;36.808000;-2.4100000;1611.57;57875.7;75261.5
318;36.748000;-3.8500000;1609.40;57797.7;109627.
319;36.598000;2.1200000;1607.84;57741.7;106845.
320;40.848000;-8.7000000;1607.56;57731.6;126910.
321;35.888000;0.040000000;1606.11;57679.3;63916.2
322;41.228000;-8.7500000;1605.87;57670.9;127077.
323;31.488000;30.530000;1601.69;57520.5;127399.
324;38.178000;-0.57000000;1601.42;57510.9;36681.8
325;41.628000;-8.8700000;1600.71;57485.7;126264.
326;41.338000;-8.7600000;1600.23;57468.4;126524.
327;42.468000;-8.9900000;1600.21;57467.6;126520.
328;36.618000;2.4200000;1596.76;57343.5;98685.8
329;38.318000;-0.51000000;1592.92;57205.7;24917.7
330;42.378000;-8.9600000;1592.74;57199.2;126005.
331;38.998000;-9.4300000;1588.14;57034.2;117104.
332;38.168000;-8.8000000;1586.69;56982.2;121160.
333;31.458000;32.010000;1578.53;56689.0;125433.
334;36.788000;-2.2500000;1576.98;56633.3;67105.4
335;42.498000;-9.0500000;1573.91;56522.9;124473.
336;37.268000;-8.8700000;1573.65;56513.6;119662.
337;40.728000;0.92000000;1572.00;56454.4;125307.
338;36.578000;1.9400000;1569.83;56376.4;111249.
339;42.048000;-8.8900000;1568.69;56335.5;123594.
340;42.398000;-8.9000000;1568.22;56318.6;124114.
341;40.918000;-8.7000000;1564.30;56178.0;123488.
342;35.838000;-0.28000000;1559.08;55990.5;29633.4
343;37.128000;-7.4000000;1558.12;55956.1;123156.
344;42.528000;-8.9900000;1556.82;55909.3;122971.
345;31.438000;30.350000;1556.69;55904.5;123734.
346;41.908000;-8.9000000;1556.63;55902.5;123174.
347;36.578000;2.0500000;1555.24;55852.7;107583.
348;31.588000;31.950000;1554.88;55839.5;123429.
349;37.028000;-9.0000000;1551.53;55719.3;123562.
350;37.158000;-6.8900000;1549.28;55638.5;118041.
351;42.538000;-9.1100000;1549.02;55629.3;122541.
352;42.368000;-8.7500000;1544.00;55449.0;118724.
353;38.398000;-0.40000000;1543.83;55442.7;41819.7
354;37.218000;-7.0800000;1540.17;55311.3;119641.
355;37.208000;-7.2600000;1539.19;55276.0;121225.
356;31.558000;30.410000;1538.28;55243.6;122076.
357;36.808000;2.8900000;1536.97;55196.5;104066.
358;36.748000;-3.2300000;1536.71;55187.0;104423.
359;36.968000;-6.6100000;1533.98;55089.0;120258.
360;41.518000;-8.8200000;1532.70;55042.9;120954.
361;36.508000;-6.2400000;1526.33;54814.3;75499.9
362;41.898000;-8.8300000;1524.74;54757.3;105297.
363;41.398000;-8.7900000;1520.89;54618.9;120209.
364;37.198000;-6.9600000;1518.74;54541.6;106231.
365;37.118000;-8.9500000;1517.69;54504.0;116422.
366;42.478000;-8.8300000;1517.22;54487.2;116910.
367;36.818000;2.9500000;1514.50;54389.7;101179.
368;38.598000;26.790000;1513.99;54371.1;86704.8
369;37.208000;-7.2000000;1508.82;54185.5;117854.
370;42.158000;3.1200000;1508.73;54182.3;78936.8
371;41.798000;-8.9000000;1508.20;54163.4;118980.
372;36.618000;2.6000000;1506.98;54119.6;94208.0
373;31.488000;30.590000;1506.37;54097.4;120012.
374;37.718000;-0.74000000;1506.29;54094.7;34866.2
375;36.828000;3.0100000;1501.19;53911.4;106774.
376;31.468000;32.070000;1499.93;53866.2;119191.
377;36.778000;3.4800000;1497.20;53768.1;92993.7
378;42.178000;-8.9000000;1494.85;53684.0;118373.
379;42.388000;-8.8400000;1491.72;53571.5;118078.
380;31.558000;30.470000;1490.87;53541.0;118377.
381;36.798000;3.3900000;1489.81;53502.9;98411.2
382;36.858000;-6.6500000;1486.10;53369.5;115949.
383;36.848000;3.6000000;1484.25;53303.3;98452.3
384;36.828000;3.2200000;1480.74;53176.9;103940.
385;36.808000;3.3300000;1480.20;53157.6;100485.
386;42.518000;-8.9300000;1480.09;53153.7;116939.
387;42.258000;-8.9200000;1479.41;53129.3;117021.
388;36.668000;2.7100000;1475.26;52980.4;87752.7
389;36.968000;10.320000;1474.18;52941.6;113306.
390;42.888000;-9.3100000;1471.47;52844.1;115820.
391;36.308000;-6.1600000;1470.98;52826.5;92655.1
392;36.808000;3.5400000;1468.26;52729.0;86455.9
393;36.748000;2.8400000;1464.44;52591.7;84885.5
394;31.408000;32.070000;1463.12;52544.3;116442.
395;42.578000;-9.0500000;1462.24;52512.7;115296.
396;42.598000;-9.1100000;1462.07;52506.5;115487.
397;41.048000;-8.6700000;1461.41;52483.0;115494.
398;36.878000;3.6600000;1459.16;52402.0;96339.6
399;36.848000;-6.7200000;1458.05;52362.3;107181.
400;37.208000;-7.1400000;1454.95;52250.8;111738.
401;42.958000;-9.3300000;1453.52;52199.5;114452.
402;31.578000;32.010000;1451.17;52115.2;115088.
403;38.458000;-0.34000000;1450.49;52090.6;41825.3
404;37.018000;-6.6700000;1449.44;52053.1;113668.
405;31.528000;32.070000;1444.93;51890.9;114682.
406;37.138000;-7.3400000;1444.74;51884.1;114114.
407;42.878000;-9.2500000;1444.19;51864.4;113595.
408;36.918000;3.7500000;1440.82;51743.4;99896.3
409;31.548000;30.530000;1440.65;51737.2;114716.
410;31.478000;30.290000;1438.73;51668.4;114186.
411;35.108000;-2.6000000;1434.08;51501.5;45554.9
412;36.698000;2.7700000;1428.32;51294.5;77956.3
413;42.908000;-9.1900000;1425.87;51206.7;112205.
414;31.558000;30.350000;1424.90;51171.8;113032.
415;42.698000;-9.0700000;1424.21;51146.8;112202.
416;36.768000;3.1700000;1417.19;50894.7;64823.7
417;43.758000;-7.7300000;1416.93;50885.4;108481.
418;36.938000;3.8100000;1416.25;50860.9;102015.
419;38.018000;-0.63000000;1414.35;50792.8;59447.9
420;41.178000;-8.6900000;1413.94;50778.2;112115.
421;41.458000;-8.8000000;1413.20;50751.6;111646.
422;35.108000;-2.5400000;1412.04;50709.9;39905.4
423;37.348000;-8.8700000;1410.25;50645.7;109002.
424;36.728000;-2.6000000;1407.81;50558.0;103182.
425;42.228000;-8.8000000;1401.12;50317.6;110703.
426;43.318000;4.6400000;1400.73;50303.7;111200.
427;37.718000;-0.80000000;1399.39;50255.7;20131.3
428;37.098000;10.260000;1397.50;50187.8;103892.
429;40.748000;26.040000;1395.99;50133.5;109997.
430;41.688000;-8.8500000;1395.64;50121.0;109453.
431;43.208000;-9.1500000;1395.36;50110.9;108313.
432;43.678000;-8.1000000;1394.70;50087.3;108459.
433;43.068000;-9.3000000;1394.67;50085.9;109688.
434;37.088000;-7.6000000;1393.27;50035.9;110174.
435;43.728000;-8.0100000;1391.06;49956.5;108632.
436;42.238000;-8.8600000;1390.45;49934.5;110164.
437;36.908000;-6.7400000;1387.35;49823.2;105655.
438;38.338000;-0.45000000;1387.20;49817.9;37053.5
439;36.908000;3.9900000;1385.82;49768.2;100196.
440;43.398000;-8.4400000;1384.68;49727.2;107418.
441;36.918000;-6.6700000;1384.31;49714.1;108598.
442;38.548000;26.730000;1380.89;49591.3;49914.0
443;39.868000;26.050000;1380.36;49572.2;105527.
444;31.418000;30.290000;1377.54;49470.9;109248.
445;40.498000;0.51000000;1373.73;49333.9;108539.
446;36.908000;4.0500000;1372.80;49300.6;99288.4
447;36.928000;3.8700000;1370.93;49233.4;98761.2
448;42.538000;-8.8600000;1369.62;49186.4;107749.
449;43.588000;-8.2400000;1369.03;49165.2;105645.
450;39.958000;26.140000;1367.55;49112.3;102507.
451;42.168000;-8.8400000;1367.16;49098.3;108010.
452;36.968000;-7.9400000;1366.05;49058.4;107756.
453;37.108000;-7.4600000;1361.20;48884.2;108084.
454;40.758000;-8.7200000;1360.20;48848.3;103994.
455;36.918000;3.9300000;1360.12;48845.4;98066.8
456;40.738000;25.980000;1359.46;48821.7;105361.
457;40.878000;0.81000000;1359.08;48807.8;107495.
458;37.048000;-6.7500000;1358.27;48778.8;106824.
459;37.768000;-8.8200000;1356.75;48724.4;100411.
460;36.978000;-7.8500000;1356.46;48713.9;106818.
461;40.528000;0.64000000;1354.92;48658.7;107119.
462;42.328000;-8.8300000;1353.69;48614.4;106903.
463;40.688000;26.050000;1352.94;48587.6;100017.
464;37.138000;-6.9500000;1352.60;48575.1;106253.
465;43.338000;-8.6000000;1352.00;48553.6;105124.
466;39.898000;26.140000;1349.98;48481.2;103056.
467;31.438000;32.130000;1349.73;48472.2;107499.
468;36.908000;4.1300000;1349.47;48462.8;97234.6
469;37.178000;-7.0200000;1348.85;48440.8;105365.
470;31.498000;30.650000;1347.09;48377.5;107605.
471;39.928000;26.080000;1345.94;48335.9;103169.
472;43.398000;4.9000000;1339.85;48117.5;106040.
473;40.018000;26.190000;1338.47;48067.6;100302.
474;37.408000;-8.8300000;1338.19;48057.8;101535.
475;37.138000;-7.2800000;1334.30;47918.0;105786.
476;43.588000;-8.3100000;1332.70;47860.6;102895.
477;36.908000;4.1900000;1331.89;47831.5;96228.6
478;43.328000;-8.9200000;1330.75;47790.4;103724.
479;43.318000;4.7000000;1329.80;47756.4;105520.
480;42.328000;-8.6400000;1329.69;47752.5;91997.8
481;31.548000;31.770000;1328.75;47718.6;105538.
482;40.808000;26.000000;1327.26;47665.4;86690.0
483;43.408000;4.5900000;1327.16;47661.7;105365.
484;42.788000;-9.0500000;1326.85;47650.7;99649.4
485;31.608000;31.830000;1325.96;47618.4;105194.
486;37.008000;-7.7900000;1323.40;47526.8;104456.
487;43.408000;4.9600000;1323.24;47521.0;101665.
488;38.538000;-0.13000000;1321.23;47448.7;53466.4
489;42.848000;-9.1900000;1320.53;47423.6;104117.
490;43.368000;-8.5000000;1320.28;47414.7;101122.
491;43.348000;4.8000000;1317.70;47322.1;104483.
492;43.768000;-7.8500000;1317.13;47301.5;98791.3
493;37.008000;-1.8700000;1315.92;47258.1;50738.0
494;42.268000;-8.7400000;1311.52;47099.9;102640.
495;43.318000;-8.7500000;1309.82;47039.0;93806.7
496;43.318000;-8.6700000;1308.80;47002.3;93786.3
497;36.968000;-6.7300000;1307.92;46970.6;102399.
498;37.078000;-6.8100000;1307.11;46941.4;102930.
499;38.488000;-8.7700000;1306.26;46911.2;12384.8
500;31.378000;32.130000;1306.22;46909.7;104184.
501;31.548000;30.590000;1304.52;46848.6;104075.
502;36.788000;-2.5700000;1303.99;46829.5;90711.0
503;43.458000;4.4700000;1303.95;46828.1;103500.
504;42.768000;-9.2100000;1303.92;46827.1;102881.
505;42.728000;-9.1300000;1303.51;46812.1;102861.
506;39.838000;26.110000;1302.92;46791.1;98937.2
507;38.488000;-0.28000000;1302.67;46782.1;53992.1
508;36.918000;4.2900000;1302.09;46761.4;94961.8
509;37.518000;27.200000;1300.19;46693.0;92275.9
510;43.378000;-8.8400000;1299.24;46658.9;101163.
511;36.968000;-8.0000000;1298.65;46637.6;103627.
512;39.878000;25.990000;1298.48;46631.6;98880.2
513;36.828000;-2.3100000;1298.16;46620.2;78165.6
514;37.658000;-0.68000000;1296.09;46546.0;70624.9
515;31.498000;32.130000;1295.93;46540.2;103027.
516;43.778000;-7.6300000;1295.49;46524.3;98435.4
517;37.118000;-7.0400000;1289.28;46301.4;100837.
518;42.328000;41.620000;1287.92;46252.4;101010.
519;43.758000;-7.9500000;1287.69;46244.0;100315.
520;42.788000;-9.1500000;1281.63;46026.4;101110.
521;42.578000;-8.9300000;1280.96;46002.6;100787.
522;36.988000;-6.7900000;1277.41;45875.0;98628.8
523;43.448000;4.5300000;1276.01;45824.8;101315.
524;37.118000;-7.2200000;1275.76;45815.6;101116.
525;40.628000;26.010000;1273.75;45743.6;85249.3
526;43.398000;-8.3800000;1273.34;45728.8;86673.2
527;36.908000;10.330000;1272.35;45693.3;95426.2
528;41.688000;2.8400000;1270.07;45611.3;78175.5
529;39.778000;26.160000;1268.41;45551.9;96018.7
530;37.068000;-6.9800000;1265.72;45455.1;94883.4
531;31.538000;30.290000;1264.99;45428.9;100227.
532;37.098000;-6.8900000;1262.04;45323.0;98496.2
533;43.338000;4.8600000;1259.95;45248.0;99105.4
534;42.598000;-8.8600000;1259.80;45242.6;98154.1
535;36.768000;34.850000;1259.76;45241.2;100098.
536;37.148000;-7.1000000;1259.38;45227.6;99638.8
537;36.828000;-2.5100000;1259.02;45214.4;86609.8
538;43.448000;4.4100000;1257.57;45162.5;99801.9
539;40.698000;-8.7400000;1257.08;45145.0;82798.0
540;43.168000;-9.2200000;1256.19;45113.1;97987.1
541;37.018000;-8.9100000;1255.77;45097.8;100447.
542;37.478000;-1.4500000;1254.16;45039.9;27993.4
543;37.028000;-8.0300000;1252.32;44973.9;97881.9
544;37.088000;-7.1000000;1252.09;44965.6;96651.7
545;36.908000;4.4800000;1251.76;44953.8;91630.7
546;40.798000;25.940000;1251.68;44950.8;78275.7
547;28.108000;-17.090000;1251.20;44933.6;55029.9
548;42.108000;-8.9100000;1248.18;44825.2;98424.1
549;36.908000;4.4200000;1247.95;44817.0;91140.6
550;37.018000;-6.8500000;1247.57;44803.2;94155.2
551;39.778000;26.100000;1246.92;44780.1;94394.7
552;43.598000;-6.0300000;1245.71;44736.7;95189.9
553;42.778000;-8.9900000;1244.99;44710.8;78485.4
554;36.888000;4.6200000;1243.32;44650.9;82271.2
555;37.098000;-7.1600000;1241.26;44576.7;96858.6
556;41.188000;1.5500000;1240.95;44565.8;91702.1
557;37.398000;-1.5600000;1240.34;44543.6;31312.0
558;28.088000;-14.530000;1239.93;44528.9;25938.1
559;41.128000;1.3000000;1239.87;44526.8;87633.8
560;41.238000;1.8100000;1238.44;44475.6;87667.2
561;41.208000;1.6900000;1238.27;44469.2;86380.9
562;36.768000;34.790000;1238.10;44463.4;97424.4
563;40.638000;-8.7500000;1237.76;44450.9;91420.1
564;38.748000;1.4500000;1234.25;44324.8;70823.6
565;42.848000;-9.1300000;1228.83;44130.4;73314.7
566;40.788000;0.88000000;1228.78;44128.7;96933.1
567;43.458000;-8.3500000;1226.38;44042.3;92398.4
568;38.738000;1.3900000;1225.01;43993.2;71193.7
569;39.118000;1.5100000;1223.45;43937.3;76747.8
570;40.078000;26.170000;1222.92;43918.2;92788.4
571;40.628000;26.070000;1222.84;43915.3;78471.3
572;38.808000;1.4300000;1222.45;43901.2;66381.9
573;36.888000;4.6900000;1222.04;43886.7;82162.6
574;31.358000;30.310000;1220.82;43842.7;96817.0
575;37.068000;-8.8200000;1218.15;43747.0;97137.2
576;43.738000;-7.4700000;1216.84;43699.7;94226.3
577;43.458000;4.3500000;1215.98;43669.0;96487.7
578;43.648000;-5.8700000;1215.88;43665.2;93759.2
579;37.088000;-8.4200000;1214.92;43630.8;95757.9
580;37.648000;12.550000;1213.97;43596.8;83050.3
581;40.948000;0.87000000;1212.37;43539.1;95684.9
582;36.708000;34.820000;1210.08;43457.0;96052.8
583;43.738000;-7.5600000;1210.07;43456.7;78613.6
584;37.118000;-8.5500000;1209.16;43423.9;92292.2
585;31.518000;30.710000;1209.02;43418.9;96715.8
586;43.568000;-1.5000000;1206.51;43328.6;95753.1
587;41.608000;2.6800000;1205.93;43307.8;50553.8
588;38.678000;1.3800000;1204.82;43268.1;66951.8
589;38.528000;26.660000;1201.51;43149.1;28723.0
590;37.028000;-8.0900000;1200.66;43118.7;96057.9
591;40.668000;25.890000;1199.82;43088.7;71543.0
592;43.338000;4.9200000;1199.18;43065.7;93637.8
593;39.078000;1.3600000;1199.03;43060.0;74310.4
594;38.968000;1.2100000;1199.01;43059.4;72066.7
595;38.508000;-0.22000000;1196.53;42970.5;56521.3
596;43.588000;-6.2600000;1195.07;42917.9;93024.3
597;38.858000;1.2600000;1194.62;42901.7;64453.0
598;43.588000;-5.9700000;1194.23;42887.6;90546.9
599;37.338000;10.440000;1193.89;42875.4;77224.4
600;31.388000;32.190000;1191.67;42796.0;95065.5
601;43.458000;4.2600000;1190.28;42746.0;94372.1
602;36.898000;4.7500000;1190.24;42744.4;80798.4
603;42.068000;3.2200000;1188.94;42697.9;61095.5
604;31.318000;32.170000;1188.84;42694.1;94865.4
605;43.248000;-9.0100000;1184.95;42554.4;88726.4
606;41.268000;1.9600000;1183.37;42497.9;88654.6
607;43.368000;-3.1500000;1181.61;42434.6;92511.9
608;37.568000;12.620000;1178.62;42327.1;81246.9
609;37.058000;-8.7600000;1178.43;42320.5;94305.0
610;37.638000;12.610000;1178.22;42312.8;58278.6
611;42.328000;3.3300000;1177.87;42300.3;91884.7
612;36.728000;-2.1500000;1177.38;42282.7;92085.4
613;37.158000;10.800000;1175.61;42219.2;77316.3
614;37.078000;-8.6900000;1173.13;42129.9;93834.1
615;39.718000;26.160000;1172.50;42107.4;88213.6
616;38.658000;1.5900000;1172.31;42100.8;62587.7
617;42.658000;-8.8200000;1172.10;42092.9;61827.5
618;39.038000;1.2900000;1171.27;42063.1;73939.2
619;43.518000;-8.3300000;1169.11;41985.5;84469.0
620;42.218000;3.1200000;1169.08;41984.6;64667.6
621;39.098000;1.4200000;1168.36;41958.8;54276.2
622;43.468000;4.2000000;1167.04;41911.4;92479.0
623;36.708000;34.880000;1164.45;41818.4;92575.6
624;43.818000;-1.4400000;1163.92;41799.4;92318.2
625;37.468000;8.6400000;1162.96;41764.8;82450.1
626;37.118000;-8.6300000;1161.15;41699.7;91852.5
627;43.458000;-2.7900000;1159.49;41640.2;90099.4
628;43.318000;-2.2800000;1158.84;41616.8;88827.2
629;39.358000;-0.29000000;1158.45;41602.9;40171.0
630;43.658000;-1.4500000;1158.40;41600.9;91914.4
631;37.648000;-8.8200000;1157.93;41584.2;84650.3
632;43.718000;-1.4600000;1157.28;41560.7;91821.8
633;41.148000;1.4200000;1157.07;41553.1;83877.2
634;41.128000;1.3600000;1156.09;41518.3;85954.7
635;36.878000;4.8200000;1155.69;41503.6;76552.5
636;41.348000;2.1600000;1154.42;41458.0;86652.2
637;42.348000;3.2700000;1153.22;41415.0;87762.2
638;31.588000;32.070000;1153.19;41414.0;91279.1
639;31.448000;32.190000;1152.86;41401.9;91888.0
640;43.588000;-6.9200000;1151.62;41357.6;90469.5
641;31.558000;30.650000;1150.93;41332.6;91979.7
642;37.638000;12.490000;1150.51;41317.6;80847.3
643;37.458000;8.7100000;1149.46;41279.9;77936.2
644;43.378000;-3.0900000;1147.12;41196.0;89904.1
645;43.318000;-2.0900000;1146.97;41190.4;87259.5
646;37.098000;-8.4800000;1146.92;41188.7;91383.3
647;43.478000;-3.9400000;1146.80;41184.4;89260.0
648;37.548000;12.680000;1145.92;41153.0;84089.3
649;37.568000;8.9600000;1144.73;41110.0;73536.4
650;43.178000;3.2600000;1144.05;41085.8;88988.2
651;41.698000;-8.7900000;1143.79;41076.2;88978.6
652;44.018000;-1.3800000;1143.09;41051.2;90370.5
653;37.508000;11.790000;1142.99;41047.7;75246.0
654;38.778000;0.23000000;1142.86;41043.0;59335.5
655;37.938000;15.710000;1142.28;41022.0;85689.1
656;41.548000;2.4700000;1142.01;41012.5;62730.9
657;43.508000;-3.8100000;1141.40;40990.5;88737.2
658;37.208000;10.380000;1141.01;40976.6;83782.8
659;40.788000;25.880000;1139.28;40914.5;63752.5
660;36.768000;34.730000;1138.49;40886.1;85274.6
661;38.158000;-0.44000000;1137.71;40858.0;56344.1
662;38.588000;-0.050000000;1137.01;40832.8;54696.3
663;39.848000;25.930000;1136.04;40797.9;85117.1
664;43.488000;4.1400000;1136.00;40796.5;89990.8
665;40.478000;22.710000;1134.93;40758.0;89622.0
666;37.508000;8.9300000;1134.43;40740.1;71224.5
667;43.428000;-3.3500000;1133.92;40722.0;89051.7
668;38.648000;1.5300000;1133.12;40693.1;56009.9
669;37.168000;10.310000;1131.74;40643.7;79115.6
670;37.488000;8.8300000;1131.02;40617.8;75567.5
671;43.458000;-2.8800000;1129.77;40572.8;88395.4
672;43.588000;-6.8600000;1129.67;40569.4;88557.5
673;36.978000;8.2400000;1127.22;40481.2;73399.9
674;37.568000;8.8800000;1127.12;40477.6;76678.0
675;41.468000;2.2800000;1127.07;40475.7;66200.3
676;41.518000;2.5300000;1125.18;40407.9;60652.1
677;41.848000;3.1100000;1123.13;40334.5;83589.5
678;36.868000;4.8800000;1122.51;40312.1;75822.4
679;38.648000;26.730000;1121.19;40264.7;51700.9
680;39.108000;1.5900000;1119.52;40204.6;51877.9
681;31.458000;30.230000;1118.12;40154.6;88397.7
682;41.178000;1.8000000;1116.05;40080.3;77613.3
683;43.338000;-2.3900000;1116.05;40080.3;87392.3
684;41.228000;1.9000000;1116.03;40079.3;57904.5
685;43.588000;-6.2000000;1115.11;40046.2;86277.1
686;41.718000;12.210000;1112.97;39969.6;87510.4
687;43.368000;4.4100000;1112.01;39935.2;87534.8
688;43.428000;-3.2900000;1111.15;39904.2;87299.8
689;38.978000;1.2700000;1110.81;39891.9;49620.1
690;37.108000;11.040000;1110.46;39879.4;76792.2
691;37.378000;10.140000;1110.14;39867.8;63877.2
692;37.058000;-8.1500000;1109.80;39855.7;88873.7
693;31.488000;31.760000;1109.68;39851.5;88003.7
694;43.398000;-3.2100000;1109.64;39850.1;87181.6
695;43.148000;3.2000000;1108.52;39809.9;85491.4
696;43.348000;-2.4500000;1107.90;39787.4;86026.1
697;36.978000;8.3000000;1106.98;39754.6;68661.0
698;43.918000;-1.4000000;1105.55;39703.2;87615.9
699;40.428000;-8.8100000;1105.49;39701.0;79133.6
700;37.368000;10.060000;1103.91;39644.2;62840.7
701;41.268000;2.0200000;1103.36;39624.3;84606.0
702;45.618000;-1.2400000;1103.31;39622.4;87578.2
703;43.178000;3.3200000;1103.17;39617.6;84011.8
704;41.598000;2.6100000;1102.86;39606.3;71547.7
705;31.328000;32.230000;1100.77;39531.5;87789.8
706;43.428000;-2.6500000;1099.67;39491.8;85760.0
707;43.508000;-3.6300000;1099.40;39482.1;84267.2
708;43.398000;-2.5500000;1099.20;39475.1;85867.0
709;37.078000;-8.3600000;1097.25;39405.1;86288.7
710;39.038000;1.6300000;1097.13;39400.5;42955.2
711;36.688000;34.940000;1096.59;39381.3;86509.1
712;38.488000;26.760000;1095.48;39341.3;16042.2
713;43.348000;4.4700000;1094.59;39309.4;86151.9
714;39.628000;2.3700000;1094.09;39291.4;68174.8
715;36.808000;12.060000;1093.77;39280.1;55653.4
716;43.458000;-4.0000000;1091.50;39198.5;83776.1
717;38.888000;17.100000;1089.21;39116.3;55780.8
718;36.938000;8.1600000;1089.18;39115.3;54786.4
719;42.448000;3.1900000;1088.83;39102.7;78672.3
720;40.478000;22.790000;1087.67;39061.0;85513.6
721;37.048000;11.090000;1087.52;39055.6;76993.6
722;43.318000;-2.1800000;1087.30;39047.7;84626.6
723;37.118000;10.880000;1085.44;38980.9;69700.0
724;43.568000;-5.3800000;1084.87;38960.5;80435.6
725;42.128000;3.1800000;1084.13;38934.0;51217.9
726;38.858000;8.4200000;1083.42;38908.2;82321.7
727;36.558000;35.560000;1082.94;38891.2;85973.5
728;43.428000;-4.1600000;1081.20;38828.7;84601.4
729;38.898000;17.030000;1080.77;38813.0;52611.2
730;39.948000;3.1100000;1080.50;38803.5;65667.9
731;38.838000;1.3700000;1080.48;38802.7;31890.9
732;36.848000;11.980000;1080.36;38798.5;75666.8
733;45.678000;-1.2700000;1078.71;38739.3;85704.5
734;42.428000;-8.7000000;1078.44;38729.6;69332.5
735;38.838000;0.18000000;1078.08;38716.7;60503.4
736;45.188000;-1.1900000;1077.50;38695.7;85401.3
737;41.778000;12.210000;1076.26;38651.1;84877.1
738;39.968000;3.1700000;1075.88;38637.6;64247.9
739;43.408000;-3.0000000;1075.82;38635.3;83233.5
740;43.458000;-2.7300000;1074.41;38584.9;82849.9
741;41.488000;2.3500000;1074.13;38574.7;69129.2
742;43.378000;4.3500000;1073.59;38555.4;84543.9
743;37.248000;9.2100000;1073.26;38543.4;71849.0
744;41.168000;1.4900000;1073.10;38537.6;76778.2
745;37.558000;12.750000;1072.86;38529.1;76457.1
746;43.588000;-6.6400000;1072.37;38511.4;84114.6
747;37.358000;9.8500000;1071.95;38496.5;66589.0
748;37.158000;12.090000;1070.97;38461.4;50722.8
749;36.778000;12.810000;1070.64;38449.4;79072.7
750;36.638000;15.080000;1069.76;38417.8;52675.1
751;36.978000;7.8000000;1069.52;38409.3;73730.9
752;37.358000;9.7800000;1069.44;38406.1;66878.9
753;36.788000;5.1000000;1069.40;38405.0;68834.7
754;43.338000;4.5800000;1068.97;38389.4;84358.4
755;31.558000;32.130000;1068.80;38383.2;84773.2
756;43.338000;-1.9800000;1068.17;38360.6;84028.4
757;41.508000;2.4100000;1068.15;38359.9;64880.4
758;40.728000;25.840000;1067.96;38353.1;57957.4
759;40.408000;22.700000;1066.99;38318.1;76725.4
760;43.338000;-1.9200000;1066.90;38315.0;83626.2
761;37.358000;9.6700000;1066.51;38301.0;70255.8
762;43.278000;5.3000000;1065.99;38282.3;78196.5
763;39.568000;2.3500000;1065.51;38265.1;65964.1
764;42.978000;-9.2700000;1064.91;38243.5;81577.6
765;39.968000;3.2300000;1064.71;38236.3;65511.9
766;36.818000;5.0100000;1062.95;38173.3;67905.5
767;43.688000;-7.3400000;1062.05;38140.9;81668.0
768;37.318000;9.4200000;1061.36;38116.1;72763.5
769;43.708000;-7.4000000;1061.28;38113.1;81702.3
770;42.638000;-9.0500000;1061.27;38112.7;80515.2
771;39.658000;2.4400000;1061.25;38112.3;54210.4
772;37.208000;10.250000;1061.03;38104.3;50349.6
773;36.558000;35.500000;1060.76;38094.7;84141.3
774;39.948000;3.0500000;1060.70;38092.5;63869.0
775;45.578000;-1.1500000;1060.70;38092.3;84336.5
776;43.588000;-6.7700000;1060.48;38084.5;82084.0
777;36.628000;15.020000;1060.41;38081.9;69323.6
778;36.988000;11.110000;1059.86;38062.3;67937.6
779;39.018000;17.220000;1059.81;38060.4;54104.3
780;36.078000;35.950000;1059.49;38048.9;84070.4
781;36.838000;5.7700000;1058.58;38016.4;73465.4
782;36.918000;8.4900000;1058.07;37998.0;50226.3
783;40.818000;0.82000000;1057.95;37993.5;83412.2
784;39.928000;2.9600000;1057.65;37983.0;65603.8
785;45.648000;-1.1100000;1057.64;37982.4;84178.0
786;38.218000;-0.44000000;1056.00;37923.6;35063.1
787;44.158000;-1.3600000;1055.81;37916.7;82446.6
788;44.348000;-1.3300000;1055.61;37909.5;82705.5
789;45.618000;-1.3000000;1055.24;37896.1;83626.5
790;41.648000;2.7600000;1055.03;37888.7;73542.2
791;36.938000;8.3800000;1055.02;37888.5;46676.6
792;37.168000;9.0600000;1054.77;37879.3;63556.9
793;43.328000;5.0400000;1054.70;37876.8;83240.9
794;43.248000;5.3600000;1053.93;37849.1;72581.3
795;43.568000;-7.0700000;1053.81;37844.8;70655.4
796;37.238000;9.2700000;1052.64;37802.9;67310.8
797;43.108000;-9.2000000;1052.44;37795.9;80117.0
798;41.738000;2.9600000;1051.80;37772.9;73746.3
799;45.648000;-1.1800000;1051.69;37768.8;83645.4
800;31.538000;30.770000;1050.97;37742.8;84064.8
801;36.908000;8.1000000;1049.83;37702.0;51756.2
802;37.098000;7.3800000;1049.26;37681.4;74227.4
803;39.838000;2.7200000;1048.98;37671.4;64934.9
804;36.758000;-2.0900000;1048.93;37669.8;82159.8
805;36.948000;8.5600000;1048.09;37639.5;53686.4
806;31.388000;32.250000;1047.61;37622.1;83541.1
807;41.898000;3.2000000;1047.55;37620.2;80644.8
808;39.698000;2.5000000;1047.40;37614.9;53350.3
809;40.668000;25.830000;1047.17;37606.4;46967.3
810;36.818000;5.8300000;1047.15;37605.7;71145.4
811;41.778000;12.150000;1046.49;37582.1;82090.0
812;39.818000;25.990000;1046.36;37577.5;76415.5
813;47.038000;-2.4000000;1045.28;37538.6;82402.4
814;36.928000;11.150000;1044.69;37517.5;66004.2
815;36.828000;5.8900000;1044.46;37509.0;69326.1
816;43.428000;-4.7100000;1044.37;37505.9;80772.1
817;36.948000;8.6200000;1042.68;37445.3;55185.9
818;43.528000;-1.5600000;1040.70;37374.1;82439.9
819;31.398000;30.230000;1040.50;37367.1;82201.9
820;41.408000;2.2300000;1040.34;37361.2;75482.7
821;42.528000;3.1500000;1040.10;37352.7;78555.3
822;43.708000;-7.8700000;1040.04;37350.4;27502.1
823;36.788000;11.950000;1038.98;37312.2;65090.0
824;37.288000;10.130000;1038.86;37307.9;50468.7
825;38.948000;8.4100000;1038.73;37303.2;76136.5
826;36.828000;5.7100000;1038.07;37279.7;67881.8
827;40.608000;25.860000;1037.94;37275.1;47621.6
828;37.288000;9.4800000;1037.23;37249.6;60699.5
829;36.968000;7.7400000;1037.07;37243.9;67768.8
830;39.868000;2.8200000;1036.45;37221.7;63469.7
831;31.288000;32.290000;1035.42;37184.6;82526.9
832;36.978000;8.6800000;1035.40;37183.9;48878.6
833;43.138000;-9.1300000;1035.14;37174.4;78820.3
834;37.988000;15.650000;1034.09;37136.9;78197.4
835;45.518000;-1.1400000;1033.41;37112.2;81913.3
836;39.408000;17.160000;1033.06;37099.8;49674.6
837;36.658000;14.940000;1032.47;37078.6;60299.1
838;41.858000;19.350000;1031.37;37039.1;81571.0
839;43.398000;4.2900000;1030.90;37022.4;81237.1
840;45.678000;-1.3300000;1030.57;37010.3;81778.2
841;44.078000;-1.3800000;1030.36;37002.9;80793.0
842;37.058000;-8.3000000;1030.27;36999.7;82048.3
843;39.908000;2.9000000;1030.09;36993.2;58463.4
844;37.328000;9.5700000;1029.79;36982.4;60685.0
845;37.038000;-8.2200000;1029.43;36969.4;82466.7
846;47.038000;-2.4600000;1027.91;36914.7;81040.0
847;39.618000;16.800000;1027.19;36888.9;69788.3
848;41.178000;1.6300000;1026.74;36872.7;53982.5
849;37.198000;9.1400000;1026.60;36867.6;54185.1
850;36.688000;14.880000;1026.20;36853.3;57306.6
851;37.078000;7.3200000;1025.98;36845.4;71544.0
852;40.988000;0.93000000;1025.58;36831.1;81190.2
853;45.158000;-1.2500000;1025.29;36820.7;81322.9
854;41.838000;12.200000;1025.29;36820.7;80620.6
855;38.888000;0.12000000;1024.98;36809.7;66386.5
856;37.298000;13.390000;1024.77;36802.1;64196.6
857;37.248000;9.3300000;1024.73;36800.6;58055.2
858;36.988000;7.6700000;1024.35;36786.8;63135.6
859;44.738000;-1.3200000;1024.32;36786.0;80937.9
860;36.688000;14.820000;1023.60;36760.0;61075.8
861;45.558000;-1.2100000;1022.81;36731.5;81071.6
862;39.468000;-0.31000000;1022.61;36724.5;30243.5
863;45.028000;-1.2500000;1022.01;36702.9;81025.6
864;43.208000;3.3800000;1021.67;36690.8;76576.2
865;39.628000;16.740000;1021.28;36676.8;67679.3
866;41.018000;13.910000;1020.28;36640.9;80047.8
867;36.838000;5.9700000;1019.23;36603.2;61585.7
868;36.788000;5.6200000;1019.22;36602.6;63282.8
869;37.228000;10.190000;1018.92;36592.1;39104.7
870;43.088000;3.1600000;1018.83;36588.9;78208.0
871;43.408000;-1.7500000;1018.46;36575.4;80153.4
872;36.868000;11.160000;1018.39;36573.0;59028.6
873;42.608000;3.0900000;1018.07;36561.3;72593.6
874;37.348000;13.290000;1017.97;36557.9;59431.7
875;42.248000;3.2000000;1017.56;36543.1;76826.3
876;43.638000;-8.1800000;1016.69;36511.9;78315.9
877;44.408000;-1.2800000;1016.60;36508.7;79642.4
878;43.398000;-1.8300000;1016.06;36489.1;80057.6
879;43.018000;9.3500000;1015.93;36484.5;68981.2
880;43.588000;-7.2300000;1015.83;36481.2;80161.9
881;43.508000;-5.2200000;1015.75;36478.3;76787.2
882;37.138000;9.0000000;1015.51;36469.6;59151.6
883;36.688000;14.760000;1014.99;36450.7;67030.9
884;39.718000;2.5600000;1014.95;36449.4;48279.5
885;39.788000;2.6600000;1014.74;36441.9;52902.9
886;47.058000;-2.3400000;1014.66;36439.0;80295.4
887;41.798000;19.380000;1014.12;36419.5;80130.6
888;44.678000;-1.3100000;1014.00;36415.3;80006.3
889;36.928000;7.1000000;1012.56;36363.6;53320.8
890;42.818000;3.0900000;1012.49;36361.2;76153.9
891;43.398000;-8.2300000;1012.29;36353.9;36189.2
892;36.988000;8.7400000;1012.07;36345.9;41230.3
893;43.308000;5.3600000;1011.89;36339.4;63854.8
894;41.708000;2.9000000;1011.62;36329.8;74250.2
895;31.508000;32.190000;1011.42;36322.5;80490.4
896;41.578000;2.5500000;1011.18;36314.2;65387.7
897;37.038000;7.5300000;1010.73;36297.7;66241.3
898;31.608000;31.770000;1010.41;36286.4;79944.2
899;36.898000;10.390000;1009.65;36259.0;75167.2
900;36.658000;5.3800000;1008.95;36234.0;66528.4
901;41.838000;12.140000;1007.99;36199.6;79031.6
902;45.098000;-1.2400000;1007.54;36183.4;79884.3
903;37.288000;10.070000;1007.27;36173.6;42074.4
904;38.898000;16.820000;1006.97;36162.8;29455.5
905;43.538000;3.9600000;1006.21;36135.5;80206.4
906;37.508000;12.980000;1005.11;36096.0;60601.7
907;39.238000;17.150000;1004.86;36086.9;24444.2
908;36.858000;6.0300000;1004.30;36066.9;57662.2
909;40.768000;23.900000;1003.96;36054.5;73089.0
910;39.438000;17.100000;1003.57;36040.6;32463.2
911;43.358000;3.7300000;1003.33;36032.3;73952.2
912;39.268000;-0.25000000;1003.19;36027.0;40883.5
913;44.968000;-1.2600000;1002.70;36009.4;79491.5
914;36.948000;6.8600000;1002.05;35986.0;65089.4
915;46.078000;-1.4100000;1002.01;35984.5;79060.7
916;37.298000;9.8800000;1001.24;35957.2;43652.5
917;47.038000;-2.5300000;1000.87;35943.8;79034.7
918;44.248000;-1.3300000;1000.68;35937.0;78345.2
919;45.738000;-1.2800000;999.785;35904.8;79352.0
920;37.028000;6.5800000;999.507;35894.8;67648.1
921;37.278000;13.450000;999.403;35891.0;55768.4
922;39.628000;16.680000;999.181;35883.1;59855.8
923;36.268000;34.050000;998.674;35864.9;79039.2
924;43.038000;6.4900000;998.197;35847.7;72994.3
925;36.558000;35.440000;997.021;35805.5;78716.9
926;43.308000;3.6100000;996.931;35802.3;70455.8
927;43.388000;3.7900000;996.699;35793.9;75334.6
928;37.058000;7.4700000;996.697;35793.9;60051.2
929;31.578000;30.710000;996.593;35790.1;79687.7
930;36.958000;6.7300000;996.378;35782.4;61666.6
931;42.988000;6.2200000;996.369;35782.1;72144.2
932;31.518000;30.230000;996.040;35770.3;78637.5
933;42.548000;3.0900000;995.689;35757.7;67559.9
934;37.078000;10.950000;995.403;35747.4;64251.2
935;43.198000;-9.0900000;995.029;35734.0;76589.9
936;42.658000;9.0300000;994.575;35717.7;51490.9
937;36.888000;8.0300000;994.359;35709.9;41280.5
938;43.518000;-3.5500000;994.272;35706.8;76746.4
939;39.198000;2.9800000;994.031;35698.2;57008.2
940;37.858000;12.320000;993.881;35692.7;66937.0
941;39.888000;22.760000;993.712;35686.7;50724.2
942;41.518000;8.8500000;991.385;35603.1;59367.5
943;37.718000;12.460000;991.342;35601.6;67146.7
944;44.818000;-1.3300000;991.320;35600.8;78420.5
945;39.498000;17.040000;991.079;35592.1;42676.2
946;37.068000;6.5200000;990.754;35580.4;70965.0
947;36.988000;7.6000000;990.514;35571.8;46473.1
948;43.038000;9.4100000;990.502;35571.4;63883.4
949;36.738000;34.670000;989.376;35531.0;66821.2
950;43.568000;-6.5400000;989.370;35530.8;73911.5
951;39.018000;8.3700000;989.037;35518.8;67427.4
952;40.438000;22.640000;989.031;35518.6;58666.8
953;39.068000;17.160000;988.898;35513.8;26568.4
954;43.218000;3.4400000;988.534;35500.7;72505.2
955;36.658000;5.2400000;988.465;35498.2;57873.8
956;39.308000;17.140000;988.231;35489.9;21248.1
957;47.128000;-2.2200000;988.178;35487.9;78438.8
958;55.078000;21.020000;988.176;35487.9;35597.6
959;43.188000;5.5600000;987.922;35478.8;59427.8
960;36.878000;6.0900000;987.896;35477.8;61709.4
961;43.628000;-7.2900000;987.834;35475.6;76701.5
962;41.048000;8.2200000;987.788;35473.9;62977.5
963;36.698000;5.1300000;987.710;35471.1;52574.9
964;37.558000;12.880000;986.648;35433.0;59573.8
965;42.358000;41.550000;986.575;35430.4;78860.9
966;43.338000;3.6700000;986.165;35415.6;70549.9
967;44.938000;-1.3200000;985.976;35408.9;78100.2
968;37.358000;13.350000;985.762;35401.2;36513.8
969;36.928000;7.1600000;985.565;35394.1;40310.5
970;47.088000;-2.2800000;985.538;35393.1;78130.5
971;39.138000;17.160000;985.012;35374.3;25410.2
972;38.938000;8.4700000;984.511;35356.3;58963.3
973;37.468000;13.050000;984.500;35355.9;60551.2
974;42.738000;9.1800000;983.495;35319.8;58334.5
975;37.068000;7.2000000;983.191;35308.8;64525.4
976;42.958000;9.3400000;983.078;35304.8;58120.9
977;44.738000;-1.2600000;982.993;35301.7;77481.4
978;39.138000;2.9200000;982.789;35294.4;40986.3
979;55.018000;20.910000;982.737;35292.6;36538.4
980;38.858000;8.6400000;982.689;35290.8;72514.4
981;43.568000;-6.3600000;982.578;35286.8;34720.5
982;55.078000;20.960000;981.981;35265.4;37087.8
983;36.668000;5.4500000;981.855;35260.9;60406.8
984;47.248000;-2.4500000;981.752;35257.2;77959.4
985;40.808000;25.820000;980.775;35222.1;52757.8
986;43.748000;-7.7900000;979.721;35184.2;75628.9
987;37.918000;12.290000;979.655;35181.8;66361.6
988;47.448000;-3.1200000;979.626;35180.8;77584.1
989;37.398000;13.220000;979.553;35178.2;52135.5
990;55.018000;20.970000;979.474;35175.4;34036.6
991;42.998000;6.3900000;978.797;35151.1;71581.2
992;55.098000;20.900000;978.625;35144.9;43780.6
993;37.598000;-0.77000000;978.481;35139.7;76263.9
994;43.268000;3.5500000;978.273;35132.2;71309.0
995;37.998000;12.320000;976.737;35077.1;59419.6
996;36.998000;8.8400000;976.529;35069.6;36281.1
997;42.878000;3.0900000;976.460;35067.1;74083.8
998;55.008000;20.850000;975.994;35050.4;34909.8
999;42.648000;8.9700000;975.581;35035.5;52557.1
1000;36.688000;15.000000;975.051;35016.5;29555.1
1001;41.278000;2.0800000;974.611;35000.7;74360.2
1002;36.898000;6.1500000;974.397;34993.0;53767.1
1003;37.078000;8.9500000;974.092;34982.1;48641.3
1004;37.958000;12.040000;973.702;34968.1;67085.4
1005;42.898000;9.3200000;973.696;34967.9;58073.2
1006;55.088000;21.080000;973.686;34967.5;32098.8
1007;43.438000;3.9500000;973.530;34961.9;76097.6
1008;45.558000;-1.2700000;973.449;34959.0;76901.6
1009;43.418000;3.8700000;973.306;34953.8;74796.0
1010;39.508000;16.980000;973.147;34948.1;33851.4
1011;36.918000;7.0400000;973.107;34946.7;49511.1
1012;36.968000;6.6400000;973.063;34945.1;46272.4
1013;37.088000;6.4500000;972.582;34927.8;66043.2
1014;43.038000;6.1000000;971.509;34889.3;68441.7
1015;31.348000;32.310000;971.151;34876.5;77393.2
1016;42.738000;9.1200000;970.648;34858.4;56463.6
1017;43.018000;3.1000000;970.400;34849.5;72837.2
1018;40.358000;17.320000;970.332;34847.1;40405.5
1019;43.248000;-8.9500000;970.209;34842.6;74706.9
1020;40.568000;26.100000;969.850;34829.7;52471.2
1021;37.798000;12.380000;969.801;34828.0;63753.3
1022;39.568000;16.860000;969.649;34822.5;34575.8
1023;39.468000;2.5000000;969.452;34815.5;30384.7
1024;43.528000;4.0800000;968.535;34782.5;77199.0
1025;37.098000;13.800000;968.127;34767.9;63886.1
1026;55.068000;20.840000;967.986;34762.8;38258.1
1027;45.098000;-0.68000000;967.233;34735.8;69566.6
1028;47.148000;-2.2800000;967.114;34731.5;76739.1
1029;40.768000;23.810000;966.871;34722.8;71662.3
1030;41.148000;30.620000;966.318;34702.9;76269.0
1031;47.068000;-2.1900000;965.885;34687.4;76736.5
1032;47.258000;-2.5100000;965.508;34673.8;76653.6
1033;31.278000;32.350000;965.488;34673.1;76912.2
1034;39.868000;8.2700000;965.313;34666.8;67583.0
1035;39.268000;3.0300000;965.267;34665.1;41335.0
1036;43.028000;6.1600000;964.615;34641.7;67447.1
1037;54.998000;20.790000;964.602;34641.3;31383.7
1038;40.008000;3.7900000;964.455;34636.0;53103.0
1039;39.658000;26.160000;964.322;34631.2;68548.8
1040;43.508000;3.8900000;964.247;34628.5;76853.5
1041;41.128000;8.3300000;963.441;34599.6;70219.6
1042;39.878000;4.3400000;963.358;34596.6;53775.6
1043;39.108000;8.2500000;963.135;34588.6;67043.2
1044;43.148000;5.6900000;963.013;34584.2;55495.3
1045;41.898000;12.160000;962.467;34564.6;75225.9
1046;47.238000;-2.3900000;962.056;34549.8;76412.5
1047;43.578000;-6.4300000;961.638;34534.8;46942.0
1048;44.818000;-1.2700000;961.202;34519.2;76038.1
1049;42.628000;8.8700000;960.954;34510.3;55846.2
1050;44.638000;-1.2400000;960.837;34506.0;75328.0
1051;39.538000;16.920000;960.369;34489.2;33219.6
1052;41.108000;8.2700000;960.066;34478.4;64053.9
1053;40.438000;0.46000000;959.677;34464.4;75314.3
1054;41.478000;8.9200000;959.677;34464.4;60054.2
1055;47.448000;-3.0600000;959.614;34462.1;75988.1
1056;40.928000;8.1800000;959.150;34445.5;64884.8
1057;55.018000;21.030000;959.016;34440.7;28977.9
1058;55.128000;20.840000;958.887;34436.0;43811.3
1059;39.638000;16.620000;958.609;34426.0;42302.5
1060;43.048000;6.2300000;958.591;34425.4;64828.3
1061;43.288000;3.3900000;957.287;34378.6;76260.2
1062;47.098000;-2.4000000;957.069;34370.7;75658.6
1063;39.858000;4.1400000;956.370;34345.7;33507.8
1064;39.928000;8.2800000;956.060;34334.5;65545.1
1065;31.648000;31.900000;955.797;34325.1;75413.1
1066;37.578000;-0.83000000;955.667;34320.4;75596.6
1067;39.168000;8.2300000;955.296;34307.1;70318.1
1068;43.438000;-8.2900000;955.009;34296.8;40186.4
1069;55.058000;20.780000;954.975;34295.5;33100.9
1070;46.978000;-2.4500000;954.137;34265.4;74998.3
1071;47.678000;-3.2600000;953.830;34254.4;75569.4
1072;40.078000;4.1400000;953.671;34248.7;57440.9
1073;43.148000;6.5000000;953.532;34243.7;61606.5
1074;47.438000;-3.1800000;953.421;34239.7;75490.3
1075;55.138000;20.960000;953.392;34238.7;40535.7
1076;40.988000;8.2100000;953.348;34237.1;64780.5
1077;39.988000;8.2800000;953.345;34237.0;68913.5
1078;38.048000;15.660000;953.284;34234.8;72028.8
1079;40.068000;3.8400000;953.092;34227.9;54784.8
1080;37.858000;12.380000;952.679;34213.1;60732.7
1081;37.948000;12.100000;952.661;34212.4;63639.9
1082;38.918000;0.060000000;952.432;34204.2;53475.9
1083;43.428000;-1.6500000;952.394;34202.8;74765.0
1084;43.458000;4.0100000;951.388;34166.7;74361.3
1085;42.938000;3.0900000;951.242;34161.5;72571.9
1086;31.448000;32.250000;951.028;34153.8;75802.9
1087;37.068000;6.3300000;950.845;34147.2;58444.4
1088;39.818000;3.3700000;950.800;34145.6;46691.9
1089;39.928000;3.8200000;950.786;34145.1;41071.7
1090;36.708000;14.700000;950.606;34138.6;40343.3
1091;37.248000;13.510000;950.288;34127.2;51958.5
1092;31.548000;31.710000;949.854;34111.6;75169.4
1093;43.458000;4.0800000;949.776;34108.8;74248.4
1094;40.148000;16.760000;949.277;34090.9;32404.5
1095;37.268000;10.010000;948.727;34071.2;32159.9
1096;37.058000;10.890000;948.607;34066.8;62850.3
1097;37.148000;13.670000;948.544;34064.6;52759.4
1098;43.528000;4.0200000;947.582;34030.0;75660.0
1099;44.888000;-1.2600000;947.427;34024.5;75077.6
1100;45.618000;-1.3600000;947.337;34021.2;74994.5
1101;55.138000;21.020000;947.252;34018.2;37040.5
1102;40.088000;4.0800000;947.084;34012.1;54397.0
1103;36.858000;-1.9800000;946.869;34004.4;74479.8
1104;43.198000;6.6900000;945.911;33970.0;61543.0
1105;31.558000;30.830000;945.651;33960.7;75606.4
1106;37.468000;13.110000;945.539;33956.7;49713.4
1107;43.498000;-5.0900000;945.499;33955.2;70061.7
1108;45.248000;-1.2200000;945.262;33946.7;74944.6
1109;47.118000;-2.3400000;945.092;33940.6;74833.1
1110;47.098000;-2.4600000;945.077;33940.1;74832.4
1111;43.078000;5.7800000;944.692;33926.2;51878.0
1112;47.048000;-2.5900000;944.421;33916.5;74703.2
1113;47.428000;-3.0000000;944.238;33910.0;74760.3
1114;40.868000;8.2000000;943.424;33880.7;60044.4
1115;42.838000;9.3100000;943.404;33880.0;52877.0
1116;37.568000;-0.89000000;943.370;33878.8;74592.9
1117;43.008000;9.4700000;943.349;33878.0;62388.6
1118;47.498000;-3.1900000;943.256;33874.7;74751.5
1119;36.868000;7.9600000;943.193;33872.4;34210.0
1120;54.998000;20.730000;942.815;33858.8;26257.0
1121;47.188000;-2.4500000;942.728;33855.7;74853.2
1122;41.898000;12.100000;942.670;33853.7;73259.5
1123;37.178000;13.610000;942.486;33847.0;50258.4
1124;44.468000;-1.3100000;942.312;33840.8;73799.1
1125;44.678000;-1.1700000;942.190;33836.4;64373.7
1126;39.978000;8.3400000;941.489;33811.2;60659.9
1127;36.008000;35.960000;941.193;33800.6;74459.1
1128;39.188000;8.2900000;941.045;33795.3;66003.8
1129;36.818000;-2.0400000;941.044;33795.2;73293.2
1130;45.738000;-1.3400000;941.012;33794.1;74608.0
1131;47.178000;-2.3900000;940.415;33772.7;74662.8
1132;44.878000;-1.3300000;940.344;33770.1;74421.0
1133;42.748000;9.2400000;940.301;33768.6;50773.3
1134;55.058000;20.720000;940.150;33763.1;27452.6
1135;45.678000;-1.3900000;939.923;33755.0;74459.4
1136;40.308000;17.450000;939.838;33751.9;41025.8
1137;37.778000;12.440000;939.813;33751.0;54594.3
1138;39.888000;4.0800000;939.812;33751.0;30049.4
1139;36.868000;7.8000000;939.526;33740.7;20121.9
1140;37.058000;13.950000;939.277;33731.8;59574.9
1141;46.978000;-2.3900000;938.890;33717.9;73939.7
1142;47.198000;-2.5900000;938.616;33708.1;74480.3
1143;40.078000;8.4000000;937.205;33657.4;62743.4
1144;46.978000;-2.5100000;937.163;33655.9;73754.1
1145;36.898000;6.9700000;936.973;33649.0;32711.3
1146;39.938000;25.630000;936.642;33637.1;68114.7
1147;36.138000;35.910000;936.395;33628.3;74104.6
1148;39.658000;16.560000;936.241;33622.8;31909.2
1149;37.898000;15.340000;935.787;33606.4;54514.5
1150;38.888000;1.4700000;935.784;33606.3;15611.6
1151;37.078000;13.860000;935.752;33605.2;52794.9
1152;39.908000;8.3400000;935.112;33582.2;51075.2
1153;47.118000;-2.5800000;934.451;33558.5;74123.6
1154;45.368000;-1.1700000;934.194;33549.2;73888.5
1155;41.688000;12.270000;933.799;33535.0;72167.9
1156;37.558000;-0.95000000;933.323;33518.0;73688.6
1157;54.398000;18.760000;932.802;33499.2;63103.7
1158;44.998000;-1.3200000;932.793;33498.9;74050.5
1159;47.238000;-2.3300000;932.752;33497.4;74095.3
1160;43.498000;-5.1500000;932.691;33495.3;67730.4
1161;40.008000;4.2800000;932.605;33492.2;42909.0
1162;44.618000;-1.3000000;932.225;33478.5;73348.3
1163;36.728000;14.640000;932.119;33474.7;49504.3
1164;38.068000;12.460000;931.629;33457.1;65870.0
1165;46.088000;-1.3500000;931.377;33448.1;73647.1
1166;47.358000;-2.9100000;931.172;33440.7;73821.6
1167;47.328000;-3.0700000;930.822;33428.2;73756.4
1168;39.738000;16.530000;930.784;33426.8;26398.8
1169;36.918000;6.2200000;930.518;33417.2;44396.0
1170;41.478000;8.9800000;930.143;33403.8;41191.1
1171;40.798000;19.380000;930.080;33401.5;71935.0
1172;36.688000;5.5100000;929.812;33391.9;48262.4
1173;37.278000;9.9400000;929.783;33390.8;31714.9
1174;45.068000;-0.62000000;929.518;33381.3;64547.0
1175;38.598000;16.590000;929.365;33375.8;30298.4
1176;43.098000;6.3800000;929.278;33372.7;58576.4
1177;38.468000;26.700000;929.062;33364.9;6791.44
1178;47.468000;-3.2500000;929.005;33362.9;73607.8
1179;43.468000;-8.2200000;928.650;33350.1;70511.2
1180;47.168000;-2.6500000;928.618;33349.0;73652.9
1181;40.068000;3.9000000;928.280;33336.9;47960.4
1182;47.198000;-2.5300000;928.177;33333.1;73672.6
1183;47.388000;-3.1200000;928.141;33331.8;73498.1
1184;42.618000;8.8100000;927.960;33325.4;53692.8
1185;47.368000;-2.5600000;927.878;33322.4;73634.8
1186;41.868000;19.290000;927.407;33305.5;73124.1
1187;44.538000;-1.3100000;926.954;33289.2;72683.6
1188;39.228000;8.3500000;926.759;33282.2;61172.8
1189;43.498000;-3.7100000;926.706;33280.3;72008.4
1190;31.638000;32.010000;926.402;33269.4;73070.3
1191;42.688000;3.0400000;925.492;33236.7;73511.0
1192;39.858000;16.550000;925.447;33235.1;26201.8
1193;39.078000;8.3500000;925.365;33232.2;52981.4
1194;37.458000;27.210000;924.888;33215.0;64055.1
1195;41.438000;9.0700000;924.819;33212.6;54587.7
1196;38.518000;26.820000;924.353;33195.8;10368.0
1197;36.938000;-1.8900000;924.151;33188.6;73282.9
1198;47.098000;-2.5200000;924.103;33186.9;73248.6
1199;39.948000;4.3000000;923.471;33164.2;37158.3
1200;43.148000;6.4400000;923.115;33151.4;51083.2
1201;43.448000;-4.8300000;922.399;33125.7;69629.5
1202;41.778000;3.0300000;921.440;33091.2;70229.9
1203;38.428000;16.590000;921.299;33086.2;45587.8
1204;37.128000;13.730000;921.023;33076.3;41846.0
1205;47.108000;-2.6400000;920.883;33071.2;73031.7
1206;55.088000;21.140000;919.685;33028.2;23383.3
1207;43.518000;7.0700000;918.726;32993.7;59356.3
1208;47.428000;-2.9400000;918.600;32989.2;72755.8
1209;47.388000;-3.0600000;918.389;32981.6;72661.8
1210;39.798000;16.510000;918.290;32978.1;17880.0
1211;36.918000;-1.9500000;917.657;32955.4;71964.7
1212;40.808000;8.1600000;917.628;32954.3;60076.1
1213;37.008000;6.2600000;917.334;32943.8;53722.1
1214;45.628000;-1.0500000;917.146;32937.0;73046.1
1215;39.358000;2.8200000;916.790;32924.2;39219.0
1216;47.258000;-2.5700000;916.725;32921.9;72773.0
1217;40.388000;17.250000;916.527;32914.8;30174.6
1218;39.888000;16.610000;916.453;32912.1;34665.5
1219;42.778000;9.3300000;916.421;32911.0;43053.3
1220;47.148000;-2.7100000;916.279;32905.9;72637.3
1221;38.358000;16.510000;916.230;32904.1;37601.7
1222;39.858000;3.2500000;916.055;32897.8;29307.2
1223;47.558000;-3.1900000;916.028;32896.9;72610.2
1224;47.698000;-3.3700000;915.798;32888.6;72510.4
1225;38.538000;16.600000;915.533;32879.1;29943.0
1226;37.578000;-1.0200000;915.434;32875.5;66653.8
1227;43.468000;-4.9900000;915.017;32860.5;68248.8
1228;43.458000;-4.8900000;914.714;32849.7;68354.2
1229;43.408000;-4.4700000;914.524;32842.8;70743.8
1230;39.758000;3.4700000;914.447;32840.1;40252.5
1231;47.338000;-2.8500000;914.183;32830.6;72475.5
1232;37.838000;12.440000;913.898;32820.4;52264.6
1233;45.798000;-1.2900000;913.760;32815.4;72388.1
1234;38.968000;1.6200583e-14;913.604;32809.8;50000.6
1235;55.148000;21.080000;913.571;32808.6;29667.0
1236;36.758000;14.530000;913.071;32790.7;58173.2
1237;38.558000;26.600000;912.849;32782.7;11066.5
1238;40.018000;8.4000000;912.518;32770.8;55569.2
1239;36.728000;34.610000;912.239;32760.8;64873.0
1240;47.718000;-3.5100000;912.139;32757.2;72262.5
1241;47.618000;-3.1900000;912.061;32754.4;72254.4
1242;38.918000;8.6000000;911.925;32749.5;48470.9
1243;45.498000;-1.2000000;911.611;32738.2;71787.1
1244;37.048000;14.010000;911.431;32731.8;52132.7
1245;43.448000;-2.9400000;910.772;32708.1;69821.8
1246;47.048000;-2.1300000;910.607;32702.2;72413.7
1247;38.008000;12.440000;909.273;32654.3;53807.7
1248;40.028000;4.2200000;908.915;32641.4;29170.0
1249;39.958000;8.4000000;908.883;32640.3;44079.5
1250;39.268000;8.4100000;908.431;32624.0;50923.0
1251;40.088000;16.710000;907.886;32604.5;31759.6
1252;38.068000;12.530000;907.853;32603.3;60280.0
1253;47.378000;-2.6200000;907.723;32598.6;72010.5
1254;47.188000;-2.2200000;907.546;32592.2;72103.9
1255;47.488000;-3.0000000;905.732;32527.1;71732.6
1256;36.858000;7.9000000;905.652;32524.2;26120.8
1257;41.278000;9.4300000;905.555;32520.8;68568.4
1258;37.458000;13.170000;905.390;32514.8;34365.3
1259;40.068000;3.9600000;905.234;32509.2;41877.3
1260;36.798000;14.460000;904.612;32486.9;65667.8
1261;47.228000;-2.6500000;904.313;32476.1;71740.1
1262;39.168000;8.3500000;902.665;32417.0;51607.0
1263;41.558000;8.7900000;902.636;32415.9;55732.6
1264;43.438000;-4.7700000;902.006;32393.3;68728.0
1265;47.438000;-2.8800000;901.646;32380.4;71461.7
1266;40.138000;26.220000;901.114;32361.2;64692.2
1267;40.078000;4.0200000;900.993;32356.9;43548.8
1268;46.138000;-1.4100000;900.590;32342.4;71149.2
1269;46.018000;-1.4100000;900.586;32342.3;71673.1
1270;46.278000;-1.2300000;900.584;32342.2;71690.6
1271;38.628000;0.010000000;900.529;32340.3;54676.4
1272;42.868000;3.0300000;899.917;32318.3;71278.9
1273;36.808000;31.190000;899.513;32303.8;70753.3
1274;47.368000;-2.9700000;899.061;32287.5;71213.1
1275;46.108000;-1.4700000;898.623;32271.8;70576.9
1276;41.908000;12.040000;898.173;32255.6;69659.1
1277;47.508000;-3.0700000;898.157;32255.1;71215.4
1278;43.408000;-4.5300000;897.755;32240.6;69699.7
1279;40.478000;17.100000;897.675;32237.7;24554.3
1280;47.298000;-2.6600000;897.603;32235.2;71186.1
1281;36.948000;10.760000;897.318;32224.9;58387.2
1282;46.918000;-2.4500000;897.204;32220.8;70463.6
1283;47.378000;-3.1800000;897.120;32217.8;71266.8
1284;54.408000;18.700000;896.170;32183.7;61900.6
1285;47.588000;-3.0200000;895.132;32146.4;70969.3
1286;37.918000;12.380000;894.564;32126.0;55036.5
1287;39.948000;16.650000;894.409;32120.5;32843.1
1288;38.278000;-0.45000000;893.251;32078.9;13465.0
1289;40.588000;8.1400000;892.743;32060.6;63596.2
1290;43.268000;6.7400000;892.497;32051.8;54763.7
1291;38.098000;12.590000;892.214;32041.6;58631.9
1292;39.368000;8.3700000;891.907;32030.6;58288.3
1293;47.408000;-3.2400000;891.234;32006.4;70875.6
1294;41.238000;9.5000000;890.774;31989.9;58070.8
1295;40.748000;8.1300000;890.531;31981.2;62326.5
1296;43.548000;-5.3100000;889.904;31958.7;67183.2
1297;40.208000;16.790000;889.853;31956.8;24646.3
1298;41.278000;9.3700000;889.814;31955.4;67720.6
1299;46.978000;-2.3300000;889.684;31950.8;70128.7
1300;38.008000;12.500000;889.429;31941.6;51733.9
1301;39.898000;8.4000000;888.547;31909.9;36607.9
1302;47.488000;-2.9400000;887.970;31889.2;70348.2
1303;41.248000;9.2000000;887.704;31879.7;65958.2
1304;45.498000;-1.2600000;887.704;31879.7;69787.7
1305;31.338000;32.370000;886.540;31837.9;70602.7
1306;37.238000;13.570000;885.937;31816.2;32163.1
1307;41.168000;9.5400000;885.726;31808.6;45211.4
1308;42.588000;8.7500000;884.831;31776.5;52303.4
1309;47.448000;-2.8200000;884.818;31776.0;70130.4
1310;31.338000;30.250000;884.627;31769.2;69894.3
1311;43.488000;-3.4400000;884.325;31758.3;68640.6
1312;40.108000;8.4600000;883.727;31736.8;44351.3
1313;31.598000;30.770000;883.552;31730.6;70616.3
1314;37.038000;14.070000;882.656;31698.4;46706.3
1315;39.208000;-0.21000000;882.129;31679.5;47668.3
1316;40.018000;16.660000;882.010;31675.2;29143.6
1317;40.398000;16.890000;881.759;31666.2;23291.0
1318;36.978000;10.830000;880.762;31630.4;52979.7
1319;41.028000;13.850000;880.423;31618.2;68378.7
1320;41.248000;9.2600000;880.062;31605.2;65435.8
1321;41.258000;9.1400000;879.518;31585.7;64392.5
1322;47.698000;-3.4300000;879.412;31581.9;69631.9
1323;39.758000;8.4300000;879.371;31580.4;32868.4
1324;43.408000;-4.5900000;878.673;31555.3;68414.9
1325;42.748000;3.0500000;878.331;31543.1;69763.5
1326;37.898000;12.440000;877.818;31524.6;53826.0
1327;48.098000;-4.6000000;876.828;31489.1;66957.1
1328;40.048000;0.070000000;876.765;31486.8;69933.3
1329;43.568000;-6.0900000;876.554;31479.3;67976.8
1330;41.358000;9.1900000;876.222;31467.3;66345.0
1331;40.168000;8.4500000;876.103;31463.1;47348.5
1332;46.918000;-2.3900000;875.964;31458.1;68835.9
1333;38.198000;12.730000;874.619;31409.7;64102.0
1334;37.578000;-1.0800000;874.617;31409.7;68537.0
1335;47.498000;-2.8800000;874.363;31400.6;69291.7
1336;48.468000;-5.1400000;873.516;31370.1;68558.2
1337;36.868000;14.400000;872.429;31331.1;56389.6
1338;47.418000;-2.7600000;871.933;31313.3;69077.2
1339;40.438000;17.160000;871.525;31298.7;22386.3
1340;47.508000;-2.7300000;871.372;31293.1;69162.1
1341;31.278000;32.410000;871.187;31286.5;69347.0
1342;39.678000;8.4300000;870.549;31263.6;37111.4
1343;45.558000;-1.3300000;870.487;31261.4;68757.9
1344;37.018000;14.130000;869.400;31222.3;47740.9
1345;41.878000;8.5800000;869.176;31214.3;52301.5
1346;31.608000;30.530000;869.097;31211.5;69224.7
1347;41.328000;9.2600000;868.791;31200.5;66060.0
1348;39.388000;2.7600000;867.418;31151.1;26740.0
1349;43.418000;-4.6500000;867.387;31150.1;67262.1
1350;31.408000;32.310000;867.352;31148.8;69103.4
1351;47.288000;-3.1300000;866.967;31135.0;68702.5
1352;47.348000;-2.7200000;866.675;31124.5;68667.1
1353;38.118000;12.650000;865.903;31096.7;51636.0
1354;48.058000;-5.0000000;865.802;31093.1;67931.7
1355;46.048000;-1.4700000;865.495;31082.1;68206.3
1356;47.338000;-2.7900000;864.958;31062.8;68514.0
1357;40.648000;8.1500000;864.633;31051.1;54465.2
1358;47.658000;-3.5000000;863.629;31015.1;68671.3
1359;39.958000;25.570000;862.815;30985.8;62471.1
1360;45.098000;-1.3000000;862.524;30975.4;68690.1
1361;41.618000;8.7800000;862.512;30975.0;45417.2
1362;48.058000;-4.9400000;861.822;30950.2;67692.4
1363;31.618000;30.420000;861.383;30934.4;67905.1
1364;45.618000;-1.4200000;860.942;30918.6;68034.9
1365;39.168000;8.4100000;860.828;30914.5;36579.5
1366;39.488000;8.3800000;860.768;30912.3;54813.8
1367;36.728000;31.480000;860.639;30907.7;67847.4
1368;39.578000;-0.27000000;860.470;30901.6;43047.9
1369;47.568000;-3.0800000;859.949;30882.9;68215.6
1370;37.688000;15.220000;859.920;30881.9;36328.1
1371;42.008000;3.2200000;859.301;30859.7;65421.2
1372;41.048000;8.8900000;859.025;30849.7;55506.3
1373;45.428000;-1.1700000;858.415;30827.8;67888.4
1374;43.278000;3.4500000;858.152;30818.4;68439.2
1375;40.358000;8.3700000;858.110;30816.9;47950.9
1376;39.358000;2.8800000;857.813;30806.2;23397.1
1377;37.538000;-1.1400000;857.572;30797.5;68084.9
1378;47.528000;-3.2500000;857.407;30791.6;67895.0
1379;35.878000;12.850000;856.053;30743.0;62860.8
1380;42.388000;8.5400000;856.009;30741.4;61730.6
1381;36.728000;34.550000;856.008;30741.4;57000.4
1382;47.238000;-2.7100000;855.933;30738.7;67862.6
1383;47.408000;-2.6800000;855.787;30733.4;67837.8
1384;39.428000;8.4000000;855.466;30721.9;50359.9
1385;54.398000;18.820000;854.753;30696.3;35924.8
1386;36.688000;35.000000;854.385;30683.1;65324.7
1387;39.018000;-0.060000000;854.176;30675.6;44189.0
1388;41.038000;0.99000000;853.968;30668.1;67448.3
1389;38.468000;14.910000;853.800;30662.1;37393.0
1390;43.498000;-3.8700000;853.650;30656.7;66234.4
1391;47.638000;-3.4000000;853.373;30646.8;67646.0
1392;47.748000;-3.5700000;853.208;30640.8;68154.4
1393;36.908000;10.700000;853.202;30640.6;52065.5
1394;45.588000;-0.99000000;852.662;30621.2;67950.3
1395;45.348000;-1.2300000;852.466;30614.2;67863.0
1396;31.568000;30.890000;852.236;30605.9;68107.4
1397;41.108000;9.5900000;852.099;30601.0;42209.5
1398;36.898000;10.620000;852.086;30600.5;59310.4
1399;47.498000;-3.3100000;851.918;30594.5;67456.8
1400;37.068000;-1.8400000;851.089;30564.7;67751.9
1401;54.998000;20.670000;851.030;30562.6;15441.0
1402;43.078000;3.0800000;850.773;30553.4;67231.7
1403;43.558000;-5.4400000;850.540;30545.0;60276.2
1404;39.438000;3.3000000;850.238;30534.2;16516.4
1405;46.918000;-2.5100000;850.197;30532.7;66933.3
1406;43.448000;3.8100000;849.952;30523.9;67963.0
1407;38.118000;15.650000;849.113;30493.8;65059.0
1408;40.228000;8.4600000;848.604;30475.5;40191.1
1409;42.498000;8.6500000;848.301;30464.6;52272.8
1410;47.308000;-3.0100000;847.950;30452.0;67103.8
1411;41.968000;12.040000;847.124;30422.4;64203.4
1412;38.128000;12.710000;846.992;30417.6;46534.4
1413;40.198000;26.260000;846.156;30387.6;51499.1
1414;43.568000;-6.9800000;846.020;30382.7;64767.7
1415;41.148000;9.0200000;844.788;30338.4;52721.1
1416;46.918000;-2.3300000;844.459;30326.6;66475.2
1417;41.078000;8.9500000;844.213;30317.8;46992.6
1418;38.718000;0.19000000;843.429;30289.7;62319.3
1419;48.058000;-4.8800000;843.362;30287.2;66253.6
1420;46.088000;-1.2900000;843.261;30283.6;66992.0
1421;39.618000;8.4500000;843.094;30277.6;32837.0
1422;44.348000;-1.2700000;842.920;30271.4;57000.1
1423;40.268000;16.800000;842.718;30264.1;21850.0
1424;43.578000;-6.7100000;841.688;30227.1;64238.9
1425;41.738000;8.6600000;841.301;30213.2;49067.4
1426;38.908000;1.6200583e-14;841.125;30206.9;32992.0
1427;45.378000;-0.82000000;840.939;30200.2;66985.1
1428;38.548000;14.820000;840.823;30196.0;52394.7
1429;36.208000;34.020000;839.621;30152.9;66186.1
1430;48.078000;-4.7900000;839.593;30151.9;66382.8
1431;47.618000;-2.8500000;839.241;30139.2;66094.5
1432;46.288000;-1.2900000;839.146;30135.8;66808.3
1433;31.608000;30.590000;838.973;30129.6;66950.9
1434;47.318000;-2.4800000;838.482;30112.0;66456.1
1435;42.418000;8.6000000;838.415;30109.6;49680.4
1436;47.428000;-2.5600000;837.116;30062.9;66484.1
1437;47.108000;-2.0900000;836.742;30049.5;66523.3
1438;48.108000;-4.5400000;836.735;30049.3;60671.7
1439;47.558000;-2.9200000;836.537;30042.1;66278.3
1440;46.138000;-1.5300000;836.458;30039.3;65688.6
1441;38.378000;14.960000;836.198;30030.0;34553.6
1442;37.008000;14.190000;835.747;30013.8;43858.0
1443;40.988000;8.8400000;835.403;30001.4;55886.5
1444;36.948000;14.300000;835.303;29997.8;51231.7
1445;47.668000;-3.5700000;834.117;29955.2;66495.4
1446;39.548000;8.4400000;833.851;29945.7;29709.3
1447;40.308000;8.4500000;833.354;29927.8;36662.1
1448;54.458000;18.760000;833.351;29927.7;52233.5
1449;38.158000;12.790000;833.330;29927.0;58628.3
1450;39.078000;9.5300000;832.945;29913.1;63089.8
1451;48.448000;-5.0800000;832.572;29899.7;65227.0
1452;43.558000;-5.5000000;832.250;29888.2;54600.6
1453;40.538000;9.8500000;832.204;29886.5;48588.3
1454;46.778000;-2.3600000;831.920;29876.3;65421.7
1455;45.798000;-1.3500000;831.749;29870.2;66169.6
1456;46.018000;-1.3200000;831.243;29852.0;66371.2
1457;45.408000;-1.2300000;831.143;29848.4;65761.0
1458;41.948000;11.980000;830.610;29829.3;63968.5
1459;38.668000;0.10000000;830.434;29822.9;56337.6
1460;48.318000;-4.9500000;829.651;29794.8;64989.8
1461;38.538000;14.880000;829.446;29787.5;40918.1
1462;47.048000;-2.0700000;829.242;29780.1;65971.7
1463;39.838000;8.4200000;829.106;29775.3;31503.2
1464;45.158000;-0.67000000;828.488;29753.1;65722.1
1465;36.808000;11.110000;827.817;29729.0;45347.0
1466;40.558000;8.2900000;827.762;29727.0;29367.3
1467;40.688000;8.2100000;827.439;29715.4;25551.6
1468;46.598000;-1.8500000;827.081;29702.5;63423.2
1469;36.808000;31.130000;827.025;29700.5;64821.2
1470;41.188000;9.1500000;825.814;29657.0;46831.3
1471;36.968000;7.2200000;825.388;29641.8;21781.4
1472;40.428000;8.3800000;823.752;29583.0;36568.1
1473;40.498000;8.3300000;823.628;29578.5;35701.1
1474;45.858000;-1.3200000;823.407;29570.6;65503.8
1475;42.148000;8.5600000;823.217;29563.8;49446.7
1476;48.018000;-4.8200000;822.850;29550.6;64812.8
1477;47.618000;-3.2500000;822.220;29528.0;65327.0
1478;38.768000;16.590000;822.018;29520.7;22267.3
1479;37.658000;-0.74000000;821.609;29506.0;35035.6
1480;45.328000;-0.76000000;820.177;29454.6;65270.3
1481;40.618000;8.2100000;819.796;29440.9;25671.6
1482;40.938000;8.7300000;819.793;29440.8;51410.6
1483;47.468000;-2.6700000;819.674;29436.6;65044.9
1484;42.438000;8.6600000;819.145;29417.5;36782.5
1485;39.078000;-0.10000000;819.046;29414.0;41779.1
1486;48.778000;-3.7800000;818.968;29411.2;64342.2
1487;43.558000;-5.5600000;818.878;29408.0;48699.8
1488;41.148000;9.0800000;817.996;29376.3;44863.6
1489;43.558000;-5.6600000;817.978;29375.6;45363.3
1490;36.928000;14.360000;817.835;29370.5;44140.9
1491;47.248000;-2.2500000;816.547;29324.3;64866.7
1492;48.168000;-4.5100000;816.507;29322.8;62844.1
1493;46.148000;-1.3500000;816.281;29314.7;64845.2
1494;38.408000;26.750000;816.196;29311.6;2905.84
1495;40.268000;26.250000;814.979;29267.9;57250.1
1496;40.958000;13.910000;814.808;29261.8;62243.7
1497;45.158000;-1.3100000;814.561;29252.9;65201.4
1498;42.238000;8.5400000;814.454;29249.1;54197.8
1499;47.578000;-3.3400000;814.154;29238.3;64426.4
1500;38.958000;-0.060000000;812.896;29193.1;31370.1
1501;47.968000;-4.7600000;811.928;29158.4;64468.1
1502;43.258000;3.3200000;811.193;29132.0;64777.9
1503;41.898000;19.230000;810.782;29117.2;63572.9
1504;40.178000;0.20000000;810.473;29106.1;64629.6
1505;48.158000;-4.6000000;809.764;29080.6;63245.9
1506;43.428000;4.8400000;809.071;29055.8;64127.8
1507;47.298000;-3.2000000;808.899;29049.6;63975.7
1508;45.218000;-1.2800000;808.626;29039.8;64702.4
1509;38.198000;13.070000;808.300;29028.1;56499.5
1510;40.698000;9.7700000;808.133;29022.1;47617.2
1511;48.308000;-4.8900000;808.130;29022.0;63285.6
1512;45.388000;-0.76000000;807.795;29009.9;64315.2
1513;45.558000;-0.93000000;807.767;29008.9;64361.3
1514;41.018000;9.6700000;807.670;29005.5;43090.3
1515;43.858000;8.0100000;807.458;28997.8;50069.6
1516;40.478000;9.8400000;807.249;28990.3;42343.9
1517;47.428000;-2.5000000;807.117;28985.6;64140.0
1518;41.798000;8.7100000;806.881;28977.1;37841.3
1519;43.418000;-3.4200000;806.497;28963.3;55981.6
1520;38.568000;14.600000;806.158;28951.2;59826.8
1521;46.538000;-1.8200000;805.173;28915.8;61414.5
1522;40.558000;26.160000;805.091;28912.8;43555.8
1523;45.268000;-0.75000000;804.784;28901.8;63984.6
1524;31.488000;31.700000;804.627;28896.2;63553.7
1525;48.378000;-5.0400000;804.287;28884.0;63054.4
1526;38.528000;14.940000;804.207;28881.1;36091.5
1527;31.218000;32.430000;803.480;28855.0;63902.2
1528;46.168000;-1.4700000;803.415;28852.7;63620.2
1529;48.378000;-4.9800000;803.406;28852.3;62906.0
1530;41.958000;8.5900000;803.250;28846.7;43176.1
1531;45.738000;-1.4000000;803.114;28841.8;63661.3
1532;43.408000;-4.3800000;802.472;28818.8;61917.5
1533;45.498000;-1.3200000;802.035;28803.1;63259.7
1534;40.378000;0.43000000;801.926;28799.2;63168.5
1535;38.708000;26.730000;801.285;28776.2;47882.3
1536;41.088000;13.900000;801.183;28772.5;61397.7
1537;47.308000;-2.0800000;800.829;28759.8;63516.5
1538;40.348000;22.680000;800.550;28749.8;30495.1
1539;45.958000;-1.4300000;800.375;28743.5;63993.9
1540;36.808000;31.250000;800.289;28740.4;61505.1
1541;40.868000;9.7600000;800.179;28736.4;47820.7
1542;37.558000;-1.2400000;800.156;28735.6;62329.6
1543;39.528000;2.5500000;799.603;28715.7;34601.7
1544;43.438000;-4.1000000;799.310;28705.2;61702.6
1545;40.938000;9.7500000;799.268;28703.7;51141.3
1546;46.098000;-1.1200000;798.990;28693.7;63645.2
1547;47.248000;-2.1900000;798.927;28691.5;63458.2
1548;48.728000;-3.8400000;797.792;28650.7;62695.8
1549;31.618000;30.360000;796.934;28619.9;62635.3
1550;46.858000;-2.3700000;796.901;28618.7;63162.7
1551;37.288000;-1.7100000;796.768;28613.9;63643.7
1552;40.638000;19.320000;796.727;28612.5;62125.4
1553;47.638000;-3.3400000;796.146;28591.6;63222.4
1554;39.988000;25.510000;795.692;28575.3;57431.1
1555;46.988000;-2.1200000;795.652;28573.8;63243.8
1556;37.138000;-1.8100000;795.602;28572.1;63320.4
1557;54.398000;18.880000;795.291;28560.9;30586.0
1558;42.368000;3.1900000;795.180;28556.9;63113.7
1559;43.888000;8.0900000;795.054;28552.4;46043.1
1560;39.608000;26.100000;794.897;28546.7;57461.1
1561;48.148000;-4.4400000;794.694;28539.5;61439.7
1562;44.738000;-1.1600000;794.165;28520.5;42452.4
1563;46.078000;-1.5300000;793.970;28513.4;62180.7
1564;47.488000;-2.5300000;793.873;28510.0;63055.6
1565;38.578000;14.540000;793.769;28506.2;59006.1
1566;45.528000;-0.99000000;793.600;28500.2;63264.8
1567;38.208000;13.130000;793.275;28488.5;55227.1
1568;47.738000;-4.0500000;793.212;28486.2;63476.9
1569;40.928000;8.7900000;792.397;28457.0;38961.7
1570;40.438000;22.850000;792.185;28449.4;39962.1
1571;48.118000;-4.3800000;791.763;28434.2;61440.9
1572;48.758000;-3.7200000;791.055;28408.8;62120.7
1573;41.548000;9.3800000;790.876;28402.3;50526.3
1574;56.618000;10.450000;790.594;28392.2;27977.3
1575;39.138000;9.6200000;790.353;28383.5;56344.4
1576;42.858000;2.9700000;790.298;28381.6;40469.9
1577;43.578000;-7.1700000;790.094;28374.3;59689.4
1578;31.618000;30.830000;789.503;28353.0;63054.0
1579;39.158000;-0.15000000;789.382;28348.7;36451.3
1580;39.788000;18.090000;789.362;28348.0;53742.5
1581;40.108000;25.930000;788.977;28334.2;48123.0
1582;40.168000;26.050000;788.017;28299.6;55074.5
1583;38.658000;15.070000;787.975;28298.2;56137.9
1584;46.308000;-1.3500000;787.172;28269.3;62766.3
1585;38.088000;16.180000;787.086;28266.2;22890.7
1586;37.008000;14.250000;786.583;28248.2;33795.5
1587;42.248000;3.2800000;786.478;28244.4;62698.5
1588;48.468000;-5.0200000;786.463;28243.9;61694.9
1589;37.928000;16.090000;786.345;28239.6;53264.3
1590;48.618000;-4.6400000;786.278;28237.2;59886.3
1591;48.328000;-4.5200000;786.227;28235.4;61736.1
1592;47.978000;-4.7000000;786.109;28231.1;62596.8
1593;39.938000;18.030000;785.863;28222.3;40233.4
1594;46.218000;-1.2400000;785.561;28211.5;62650.3
1595;55.198000;21.020000;785.430;28206.7;-170403.
1596;47.578000;-3.4000000;785.398;28205.6;62279.8
1597;48.378000;-4.9200000;784.328;28167.2;61287.5
1598;45.478000;-0.83000000;784.318;28166.8;62532.3
1599;38.888000;8.7900000;783.767;28147.0;23581.3
1600;39.338000;2.9600000;783.572;28140.0;13807.0
1601;40.608000;0.89000000;783.352;28132.1;61427.9
1602;31.508000;32.250000;783.052;28121.4;62345.8
1603;31.618000;30.650000;783.025;28120.4;62538.7
1604;41.098000;1.2400000;782.950;28117.7;59692.8
1605;47.888000;-3.9400000;782.672;28107.7;61114.8
1606;48.308000;-4.8300000;782.627;28106.1;61513.4
1607;31.278000;32.470000;781.702;28072.9;62188.6
1608;45.448000;-0.91000000;781.496;28065.5;62320.4
1609;48.528000;-4.8000000;781.166;28053.6;60992.5
1610;47.488000;-2.5900000;781.107;28051.5;62032.8
1611;38.668000;15.130000;780.809;28040.8;55512.4
1612;39.928000;25.510000;780.674;28036.0;54867.5
1613;40.068000;0.13000000;780.556;28031.7;62382.8
1614;47.328000;-3.2600000;780.485;28029.2;62241.7
1615;46.858000;-2.4300000;780.283;28021.9;61378.2
1616;35.538000;12.630000;779.962;28010.4;42837.8
1617;38.198000;13.220000;779.836;28005.8;56629.5
1618;38.178000;14.770000;779.583;27996.8;52804.2
1619;38.278000;15.230000;778.455;27956.3;58436.7
1620;48.298000;-4.6100000;778.180;27946.4;60216.8
1621;44.188000;-1.3000000;777.974;27939.0;49287.3
1622;46.348000;-1.4200000;777.714;27929.6;62064.2
1623;46.158000;-1.2300000;777.314;27915.3;61993.3
1624;55.158000;20.900000;776.915;27901.0;-1.74410e+06
1625;38.238000;13.320000;776.679;27892.5;54671.0
1626;47.808000;-3.7200000;776.401;27882.5;60347.6
1627;48.738000;-3.9000000;776.365;27881.2;61098.7
1628;31.338000;32.430000;775.976;27867.2;61745.6
1629;45.378000;-1.2900000;775.946;27866.2;61488.4
1630;48.038000;-4.7300000;775.810;27861.3;61504.4
1631;31.598000;30.290000;775.782;27860.3;61004.0
1632;46.788000;-2.4200000;775.520;27850.9;61042.4
1633;37.228000;-1.7700000;775.520;27850.8;61863.3
1634;35.548000;12.560000;775.362;27845.2;43371.3
1635;39.138000;9.4200000;775.077;27835.0;32247.4
1636;37.348000;-1.6400000;774.358;27809.1;61900.9
1637;38.688000;13.170000;773.999;27796.2;58243.7
1638;42.008000;11.960000;773.988;27795.8;57067.0
1639;54.458000;18.820000;773.784;27788.5;42185.4
1640;45.438000;-1.2900000;773.691;27785.2;61009.7
1641;38.178000;15.640000;772.598;27745.9;59458.3
1642;48.458000;-4.8700000;772.461;27741.0;60475.9
1643;47.788000;-4.2300000;771.701;27713.7;61749.1
1644;40.328000;26.230000;771.448;27704.6;54011.6
1645;40.358000;9.7400000;771.382;27702.2;31341.6
1646;48.118000;-4.3200000;771.285;27698.8;58526.8
1647;46.778000;-2.3000000;770.813;27681.8;60997.8
1648;38.538000;14.370000;770.698;27677.7;58119.8
1649;43.448000;-1.5900000;770.626;27675.1;54301.8
1650;45.558000;-1.3900000;770.501;27670.6;60838.3
1651;38.788000;15.190000;770.171;27658.8;54248.8
1652;40.918000;8.6700000;770.029;27653.7;47771.1
1653;37.508000;-1.3900000;769.368;27629.9;61352.0
1654;41.048000;1.0500000;769.002;27616.8;60881.9
1655;55.208000;21.120000;768.375;27594.3;15104.4
1656;45.188000;-0.73000000;768.299;27591.5;61028.5
1657;54.468000;18.700000;768.111;27584.8;47009.2
1658;38.178000;14.830000;767.899;27577.2;46011.4
1659;40.098000;9.7500000;767.488;27562.4;45312.1
1660;38.978000;8.5700000;767.168;27550.9;20955.4
1661;38.208000;14.920000;767.164;27550.8;53343.2
1662;44.488000;12.390000;766.977;27544.1;60699.8
1663;46.858000;-2.3100000;765.478;27490.2;61013.3
1664;47.608000;-2.7700000;765.056;27475.1;60493.0
1665;47.768000;-4.1600000;764.529;27456.1;61245.1
1666;46.158000;-1.5900000;764.513;27455.6;60101.9
1667;45.248000;-0.69000000;764.195;27444.2;60736.3
