farm;lat;lon;fw;Nf;Ns
1;38.688000;-9.2500000;14640.0;43920.1;33712.7
2;36.788000;-6.3600000;12828.2;38484.7;5093.43
3;41.158000;-8.6800000;11028.1;33084.4;25897.9
4;47.508000;-2.4500000;10433.1;31299.2;21774.4
5;47.268000;-2.3400000;9850.50;29551.5;23259.1
6;47.178000;-2.1700000;9683.27;29049.8;22719.1
7;47.038000;-2.2800000;9463.36;28390.1;22304.2
8;47.038000;-2.0000000;9362.43;28087.3;17805.5
9;47.318000;-2.4800000;9257.44;27772.3;14173.0
10;47.448000;-2.4500000;9147.05;27441.1;14175.8
11;47.308000;-2.0900000;9123.60;27370.8;21291.8
12;46.988000;-2.1600000;9076.38;27229.1;19623.0
13;40.168000;-8.8700000;8995.78;26987.3;20638.8
14;43.398000;4.7900000;8945.37;26836.1;21354.7
15;47.098000;-2.0600000;8786.43;26359.3;20647.8
16;42.058000;-8.8900000;8651.38;25954.1;20306.3
17;41.978000;-8.8900000;8639.66;25919.0;20393.1
18;43.418000;4.8500000;8509.67;25529.0;20059.6
19;47.278000;-2.4000000;8310.05;24930.1;19591.8
20;47.408000;-2.5300000;8293.80;24881.4;19464.8
21;41.298000;-8.7300000;8283.47;24850.4;17957.8
22;45.478000;-0.99000000;8168.57;24505.7;19397.2
23;45.208000;-0.69000000;8089.70;24269.1;18951.1
24;45.128000;-0.70000000;8029.02;24087.0;18700.7
25;41.608000;-8.8100000;7984.63;23953.9;18632.5
26;46.288000;-1.2000000;7966.02;23898.1;15685.2
27;38.748000;-9.4700000;7947.67;23843.0;16758.3
28;47.268000;-2.1700000;7915.94;23747.8;18634.1
29;46.988000;-2.0600000;7911.58;23734.7;13879.3
30;49.788000;0.42000000;7808.04;23424.1;15738.1
31;41.378000;-8.7600000;7800.34;23401.0;17358.7
32;45.518000;-1.0500000;7631.56;22894.7;18118.0
33;41.538000;-8.7900000;7550.09;22650.3;17370.1
34;45.378000;-0.73000000;7489.87;22469.6;17807.9
35;47.108000;-2.1200000;7481.67;22445.0;16776.6
36;36.758000;-6.4200000;7446.80;22340.4;8290.81
37;41.438000;-8.7800000;7436.89;22310.7;17413.5
38;49.758000;0.35000000;7387.05;22161.1;15390.7
39;47.048000;-2.1800000;7318.35;21955.0;17431.3
40;50.148000;1.4700000;7164.22;21492.6;16081.3
41;49.928000;0.96000000;7128.17;21384.5;16381.8
42;49.898000;0.83000000;7127.59;21382.8;15832.9
43;41.028000;-8.6400000;7126.56;21379.7;3540.91
44;47.508000;-2.6200000;7113.58;21340.7;16856.7
45;45.318000;-0.71000000;7107.56;21322.7;16745.8
46;47.108000;-2.1800000;7036.43;21109.3;16724.0
47;46.288000;-1.2600000;7028.22;21084.7;16857.3
48;47.048000;-2.1200000;7017.44;21052.3;16718.0
49;47.258000;-2.4600000;7008.91;21026.7;16631.0
50;36.888000;-6.4300000;6953.07;20859.2;14176.9
51;47.098000;-2.2400000;6874.78;20624.3;16330.7
52;47.048000;-2.3400000;6857.34;20572.0;16250.0
53;42.478000;-8.8300000;6824.91;20474.7;7573.65
54;45.558000;-0.92000000;6782.19;20346.6;16170.6
55;51.448000;1.0300000;6769.20;20307.6;15903.1
56;51.438000;0.93000000;6764.91;20294.7;15916.8
57;47.218000;-2.4000000;6757.60;20272.8;16045.2
58;47.258000;-2.5200000;6737.96;20213.9;15981.1
59;51.458000;1.0900000;6736.75;20210.2;15565.5
60;43.458000;4.5300000;6720.64;20161.9;16046.5
61;45.648000;-1.1000000;6710.15;20130.5;16009.6
62;47.318000;-2.5400000;6691.14;20073.4;15846.5
63;45.578000;-1.0700000;6660.36;19981.1;15880.9
64;45.508000;-0.85000000;6648.73;19946.2;15822.7
65;49.448000;0.20000000;6646.01;19938.0;15469.9
66;51.468000;1.1500000;6618.51;19855.5;14765.0
67;47.208000;-2.3400000;6610.69;19832.1;15702.5
68;51.848000;-8.0100000;6579.38;19738.2;14614.6
69;51.458000;1.2400000;6553.90;19661.7;14793.5
70;47.158000;-2.2500000;6552.23;19656.7;15556.5
71;51.448000;1.3100000;6545.90;19637.7;15252.3
72;51.378000;0.97000000;6545.50;19636.5;15261.0
73;51.398000;1.0900000;6539.14;19617.4;15483.9
74;51.398000;1.4400000;6525.65;19576.9;15310.8
75;50.228000;1.5200000;6508.30;19524.9;12571.0
76;47.148000;-2.3100000;6472.96;19418.9;15350.6
77;51.638000;-8.5600000;6462.28;19386.8;14135.8
78;47.378000;-2.5900000;6451.74;19355.2;15309.4
79;38.698000;-9.3700000;6429.04;19287.1;14864.7
80;51.508000;1.0300000;6422.08;19266.2;13438.6
81;47.508000;-2.7300000;6415.45;19246.4;15243.7
82;51.458000;0.87000000;6415.22;19245.7;15139.0
83;51.398000;1.5000000;6380.17;19140.5;14505.0
84;51.638000;-8.6200000;6367.23;19101.7;13453.8
85;47.198000;-2.4600000;6365.39;19096.2;15101.6
86;51.498000;0.97000000;6361.45;19084.4;14913.7
87;45.438000;-0.78000000;6353.00;19059.0;15146.9
88;45.648000;-1.1600000;6346.60;19039.8;15130.4
89;47.468000;-2.5100000;6338.84;19016.5;15027.2
90;51.398000;1.3800000;6328.36;18985.1;14872.3
91;47.218000;-2.2800000;6308.27;18924.8;14987.6
92;45.588000;-1.1300000;6269.27;18807.8;14939.0
93;51.408000;1.1500000;6255.91;18767.7;14819.2
94;52.018000;-7.5700000;6244.13;18732.4;14399.6
95;51.458000;0.81000000;6235.92;18707.8;14733.1
96;51.278000;2.8100000;6223.96;18671.9;14677.8
97;50.038000;1.2900000;6203.92;18611.8;13922.3
98;51.518000;0.91000000;6197.36;18592.1;14354.8
99;51.358000;1.5600000;6179.43;18538.3;13316.7
100;51.518000;1.0900000;6174.45;18523.4;8661.33
101;51.518000;0.85000000;6167.31;18501.9;14461.1
102;50.238000;1.4300000;6160.54;18481.6;14489.6
103;47.548000;-3.1000000;6159.69;18479.1;14643.0
104;51.518000;0.79000000;6150.81;18452.4;14499.0
105;50.798000;-0.50000000;6146.25;18438.8;10673.8
106;51.288000;1.3900000;6145.56;18436.7;12034.1
107;51.458000;1.3700000;6134.15;18402.4;11525.1
108;49.898000;0.69000000;6128.22;18384.7;14412.1
109;47.498000;-2.8300000;6104.33;18313.0;14495.1
110;50.008000;1.2300000;6091.33;18274.0;14171.1
111;51.008000;1.9800000;6089.12;18267.4;13947.2
112;47.318000;-2.6000000;6088.20;18264.6;14443.8
113;50.678000;1.5000000;6064.49;18193.5;13891.8
114;51.338000;1.4700000;6061.07;18183.2;14057.5
115;51.558000;0.97000000;6057.59;18172.8;10394.7
116;51.348000;1.6200000;6052.31;18156.9;10633.0
117;49.958000;1.1400000;6052.05;18156.1;13978.6
118;50.798000;-0.57000000;6041.04;18123.1;11775.8
119;50.018000;1.1000000;6034.17;18102.5;13899.7
120;46.968000;-2.2200000;6019.38;18058.1;14104.9
121;50.708000;-1.6200000;6012.72;18038.2;11329.5
122;50.018000;1.1600000;6004.83;18014.5;13830.9
123;50.298000;1.4800000;6004.11;18012.3;14138.8
124;49.478000;-0.020000000;6003.51;18010.5;14169.1
125;51.648000;3.5600000;6003.19;18009.6;14134.4
126;51.228000;2.8700000;5999.86;17999.6;14152.4
127;47.438000;-2.5900000;5998.81;17996.4;14248.1
128;47.148000;-2.3700000;5994.98;17985.0;14207.0
129;45.668000;-1.2200000;5994.08;17982.2;14274.4
130;47.198000;-2.5200000;5981.15;17943.5;14180.0
131;49.898000;0.75000000;5977.01;17931.0;14081.1
132;46.988000;-2.3400000;5975.82;17927.4;14178.1
133;51.218000;2.7900000;5974.38;17923.1;14093.4
134;50.238000;1.3700000;5974.17;17922.5;13498.9
135;50.068000;1.2300000;5972.70;17918.1;13933.9
136;47.258000;-2.5800000;5969.70;17909.1;14155.7
137;51.578000;1.0500000;5966.61;17899.8;5704.04
138;51.008000;1.9200000;5965.60;17896.8;13664.1
139;50.358000;1.4000000;5964.86;17894.6;10576.3
140;51.288000;1.5900000;5953.47;17860.4;13476.4
141;49.908000;0.63000000;5953.43;17860.3;13975.2
142;50.178000;1.4100000;5951.21;17853.6;13992.4
143;50.898000;1.6200000;5949.47;17848.4;12829.2
144;50.298000;1.3500000;5943.67;17831.0;10771.0
145;51.038000;2.0400000;5943.55;17830.6;13420.3
146;45.608000;-1.0100000;5942.73;17828.2;14198.1
147;51.578000;0.90000000;5938.49;17815.5;11685.5
148;50.928000;0.77000000;5938.01;17814.0;6099.70
149;47.048000;-2.4000000;5937.51;17812.5;14116.3
150;49.468000;-0.080000000;5934.24;17802.7;13965.7
151;50.018000;1.0400000;5932.58;17797.7;13629.1
152;51.398000;1.2500000;5930.68;17792.1;14047.5
153;49.878000;0.57000000;5927.20;17781.6;13908.4
154;47.408000;-2.6500000;5927.19;17781.6;14059.6
155;49.778000;0.23000000;5923.45;17770.4;13758.7
156;51.278000;2.7500000;5920.85;17762.6;13954.7
157;51.468000;-9.3900000;5916.93;17750.8;13610.5
158;50.098000;1.3100000;5913.83;17741.5;13871.1
159;49.348000;-0.010000000;5913.32;17740.0;14027.6
160;51.978000;-7.6300000;5909.98;17730.0;13581.3
161;51.278000;-3.1800000;5897.13;17691.4;13912.5
162;51.568000;-8.7200000;5893.46;17680.4;13509.3
163;51.288000;2.8700000;5889.75;17669.2;13894.3
164;50.708000;-0.78000000;5883.41;17650.2;7967.51
165;51.218000;2.7300000;5882.76;17648.3;13875.9
166;52.078000;-7.5500000;5876.36;17629.1;13420.2
167;51.638000;-8.5000000;5867.21;17601.6;13575.7
168;51.068000;1.9800000;5862.60;17587.8;13347.0
169;50.958000;0.98000000;5862.35;17587.0;11313.5
170;51.458000;1.4300000;5862.09;17586.3;9053.77
171;50.298000;1.4200000;5858.25;17574.8;13524.9
172;50.808000;-0.42000000;5852.77;17558.3;9673.40
173;51.528000;0.73000000;5850.56;17551.7;13756.1
174;51.418000;1.5600000;5850.10;17550.3;8981.22
175;50.178000;1.3500000;5849.80;17549.4;13568.8
176;51.408000;-3.6000000;5849.69;17549.1;13803.1
177;51.458000;0.75000000;5845.72;17537.2;13757.8
178;49.958000;0.72000000;5843.00;17529.0;13713.3
179;51.478000;-9.2100000;5842.66;17528.0;13496.3
180;51.368000;0.86000000;5839.04;17517.1;8770.29
181;49.818000;0.36000000;5838.62;17515.9;13438.5
182;51.618000;0.96000000;5832.62;17497.9;11059.9
183;51.528000;1.1500000;5825.40;17476.2;5541.95
184;50.138000;-5.7000000;5820.69;17462.1;12222.5
185;50.688000;1.5600000;5818.06;17454.2;13632.5
186;50.898000;1.5600000;5814.07;17442.2;13478.0
187;51.298000;1.5300000;5811.91;17435.7;13038.2
188;50.118000;1.3700000;5810.60;17431.8;13622.6
189;49.758000;0.29000000;5808.06;17424.2;13511.2
190;51.478000;-9.3300000;5806.36;17419.1;13315.7
191;51.118000;2.2600000;5804.55;17413.7;13633.0
192;52.458000;-9.8100000;5783.14;17349.4;13388.1
193;45.378000;-0.82000000;5781.79;17345.4;13844.6
194;49.778000;0.17000000;5780.92;17342.8;13551.9
195;51.648000;3.6200000;5778.24;17334.7;13612.4
196;50.808000;0.35000000;5774.51;17323.5;10789.7
197;49.968000;0.66000000;5773.41;17320.2;13518.2
198;49.418000;-0.010000000;5770.93;17312.8;13621.4
199;51.588000;-8.7900000;5768.05;17304.1;12798.9
200;50.788000;-0.63000000;5764.70;17294.1;11211.8
201;47.508000;-2.8900000;5764.52;17293.5;13720.6
202;51.028000;1.8600000;5761.26;17283.8;13132.7
203;51.748000;-8.2200000;5755.90;17267.7;13261.6
204;50.358000;1.3400000;5747.92;17243.8;6942.84
205;49.848000;0.51000000;5747.83;17243.5;13476.1
206;45.548000;-0.99000000;5745.59;17236.8;13737.0
207;47.448000;-2.7100000;5741.88;17225.6;13624.0
208;50.238000;1.3100000;5740.23;17220.7;11032.8
209;50.738000;1.5000000;5735.83;17207.5;12907.7
210;51.658000;3.5000000;5735.29;17205.9;13495.5
211;50.408000;1.4800000;5732.61;17197.8;13071.8
212;51.368000;-3.7700000;5732.24;17196.7;13503.8
213;49.928000;1.0200000;5732.03;17196.1;13347.4
214;49.988000;0.98000000;5728.50;17185.5;13277.5
215;51.588000;-10.050000;5727.71;17183.1;12964.7
216;49.368000;-0.54000000;5722.61;17167.8;13590.3
217;51.498000;-9.2700000;5720.18;17160.5;13006.8
218;51.738000;-8.2900000;5717.66;17153.0;13272.6
219;51.678000;-8.4200000;5713.39;17140.2;13164.2
220;51.478000;-9.4600000;5712.67;17138.0;12670.4
221;50.808000;-0.36000000;5712.43;17137.3;9003.60
222;51.398000;-3.6600000;5709.25;17127.8;13454.3
223;49.818000;0.30000000;5707.96;17123.9;12608.0
224;50.078000;1.1700000;5706.42;17119.3;13019.1
225;50.178000;1.2900000;5702.96;17108.9;11920.0
226;51.278000;1.4700000;5701.10;17103.3;12918.8
227;50.728000;0.26000000;5700.21;17100.6;8882.08
228;51.728000;-10.250000;5694.89;17084.7;12381.6
229;51.958000;-7.6900000;5693.92;17081.8;12994.2
230;49.958000;0.84000000;5693.06;17079.2;13239.8
231;51.208000;-3.1600000;5693.04;17079.1;13243.4
232;51.368000;2.8900000;5692.88;17078.7;13402.8
233;51.458000;-9.7700000;5691.10;17073.3;12840.7
234;51.208000;2.6700000;5691.00;17073.0;13421.9
235;51.388000;1.0300000;5690.77;17072.3;13084.3
236;49.928000;0.90000000;5690.09;17070.3;13268.1
237;51.228000;1.5700000;5689.29;17067.9;12322.5
238;51.278000;-3.2400000;5687.71;17063.1;13411.0
239;50.298000;1.2900000;5682.66;17048.0;7470.75
240;39.048000;-9.4200000;5682.05;17046.1;11270.9
241;51.278000;2.6900000;5682.03;17046.1;13382.4
242;52.478000;-9.7500000;5679.21;17037.6;13032.4
243;41.808000;-8.8700000;5676.83;17030.5;8032.56
244;50.778000;-1.1800000;5675.93;17027.8;9315.64
245;49.958000;0.78000000;5675.35;17026.0;13313.2
246;49.958000;1.0800000;5666.34;16999.0;13144.5
247;49.848000;0.45000000;5664.35;16993.1;13226.8
248;50.978000;1.6800000;5662.91;16988.7;10942.9
249;49.958000;-6.3400000;5662.11;16986.3;10277.5
250;51.528000;-3.8500000;5659.03;16977.1;13311.5
251;49.478000;0.040000000;5657.21;16971.6;13361.2
252;51.368000;-3.8300000;5655.23;16965.7;13314.3
253;51.208000;2.6100000;5652.76;16958.3;13326.8
254;49.938000;0.57000000;5650.41;16951.2;13273.5
255;51.748000;-8.1600000;5648.93;16946.8;12819.9
256;51.118000;2.3200000;5648.52;16945.6;13275.1
257;51.708000;-8.3500000;5647.05;16941.1;13069.1
258;47.448000;-2.7700000;5644.81;16934.4;13396.4
259;49.318000;-0.18000000;5641.74;16925.2;13366.6
260;50.718000;-1.6800000;5636.77;16910.3;8129.94
261;51.108000;2.2000000;5636.02;16908.1;13230.4
262;51.308000;-3.7600000;5633.38;16900.1;13108.6
263;45.588000;-1.1900000;5633.14;16899.4;13394.6
264;51.038000;2.1000000;5631.68;16895.0;12768.1
265;51.738000;3.5600000;5628.45;16885.4;13235.9
266;50.778000;-0.70000000;5627.13;16881.4;9353.91
267;50.728000;-1.5400000;5626.95;16880.8;10505.8
268;50.078000;1.1100000;5626.81;16880.4;12827.9
269;51.618000;3.7200000;5625.72;16877.1;13264.1
270;49.468000;-0.14000000;5622.03;16866.1;13173.0
271;52.048000;-7.4900000;5617.46;16852.4;12105.6
272;49.408000;-0.070000000;5614.98;16844.9;13218.8
273;50.838000;1.5200000;5614.60;16843.8;11939.2
274;51.398000;-3.5400000;5612.57;16837.7;13245.6
275;51.468000;-9.6900000;5612.39;16837.2;12789.3
276;50.418000;1.4200000;5611.79;16835.4;9142.59
277;51.928000;-7.7900000;5609.60;16828.8;12823.0
278;51.378000;2.9500000;5609.36;16828.1;13217.8
279;50.578000;1.4900000;5604.44;16813.3;12351.3
280;51.768000;3.8500000;5600.51;16801.5;13187.9
281;51.408000;1.6200000;5598.43;16795.3;7446.08
282;51.198000;-3.2300000;5596.49;16789.5;13029.4
283;51.828000;3.7600000;5594.73;16784.2;13173.3
284;51.068000;1.9200000;5593.14;16779.4;10148.4
285;49.908000;0.51000000;5592.83;16778.5;13097.5
286;41.148000;30.620000;5588.22;13039.2;51218.8
287;51.588000;-10.110000;5587.36;16762.1;12584.2
288;49.988000;0.92000000;5585.01;16755.0;12971.8
289;47.138000;-2.4300000;5582.66;16748.0;13222.6
290;51.338000;2.8100000;5582.08;16746.2;13146.4
291;45.318000;-0.77000000;5581.77;16745.3;13364.9
292;51.508000;1.3000000;5580.27;16740.8;5779.77
293;51.338000;-3.3400000;5575.67;16727.0;13162.5
294;49.538000;1.6200583e-14;5573.95;16721.9;13142.9
295;50.788000;-1.3200000;5572.49;16717.5;10289.5
296;50.988000;1.7400000;5567.25;16701.7;11398.3
297;49.368000;-0.60000000;5565.43;16696.3;13216.4
298;50.718000;-0.72000000;5560.42;16681.3;6896.63
299;49.758000;0.11000000;5558.92;16676.8;12913.4
300;51.538000;0.67000000;5557.04;16671.1;12910.3
301;51.628000;-4.8100000;5555.25;16665.8;12130.3
302;50.078000;1.0500000;5554.54;16663.6;12771.7
303;41.868000;-8.8600000;5553.96;16661.9;2399.52
304;52.128000;-7.0000000;5551.11;16653.3;12670.1
305;50.128000;1.2300000;5542.89;16628.7;12431.7
306;51.218000;-3.1000000;5541.03;16623.1;12898.8
307;51.478000;-9.8400000;5540.25;16620.7;12667.0
308;49.418000;0.050000000;5537.78;16613.3;13102.1
309;52.128000;-7.2700000;5536.04;16608.1;12589.5
310;51.688000;3.4400000;5531.51;16594.5;12997.4
311;51.718000;3.5000000;5531.41;16594.2;12978.8
312;51.538000;-3.7900000;5529.67;16589.0;13004.1
313;51.338000;-3.2300000;5529.65;16589.0;13040.9
314;51.098000;2.0400000;5529.62;16588.9;12935.6
315;51.268000;2.6300000;5528.98;16587.0;13012.3
316;49.838000;0.19000000;5528.25;16584.8;12359.9
317;47.558000;-2.9500000;5526.97;16580.9;13166.9
318;51.348000;-3.6000000;5524.56;16573.7;13017.1
319;50.468000;1.5000000;5524.32;16573.0;12610.8
320;50.778000;-1.0700000;5524.14;16572.4;4983.48
321;51.018000;1.8000000;5521.72;16565.1;10214.1
322;50.018000;0.75000000;5520.09;16560.3;12551.8
323;51.138000;1.4800000;5519.66;16559.0;11027.2
324;51.538000;3.3900000;5517.04;16551.1;13001.9
325;51.908000;-7.8500000;5516.65;16549.9;12799.4
326;47.198000;-2.5800000;5515.70;16547.1;13061.8
327;51.338000;-3.7000000;5511.75;16535.2;12914.7
328;45.688000;-1.2800000;5511.10;16533.3;13109.8
329;51.828000;3.8200000;5507.37;16522.1;12983.2
330;49.698000;0.070000000;5507.10;16521.3;12828.9
331;51.178000;2.2600000;5506.87;16520.6;12902.0
332;51.918000;-7.6200000;5506.33;16519.0;10940.6
333;51.598000;3.5000000;5505.75;16517.2;12969.7
334;51.278000;-3.1200000;5504.79;16514.4;12989.6
335;52.128000;-7.0600000;5504.04;16512.1;12660.0
336;51.718000;3.6200000;5503.92;16511.7;12960.7
337;50.828000;-0.29000000;5500.36;16501.1;8661.35
338;51.508000;0.47000000;5497.31;16491.9;12630.3
339;51.498000;3.2200000;5497.04;16491.1;12951.4
340;51.868000;-7.7900000;5494.17;16482.5;11973.6
341;51.898000;-7.7300000;5493.97;16481.9;12176.1
342;52.188000;-6.6000000;5493.29;16479.9;8280.52
343;50.478000;1.4200000;5492.50;16477.5;9341.95
344;49.478000;0.13000000;5491.57;16474.7;12957.5
345;51.828000;-7.8700000;5489.78;16469.3;11513.1
346;51.648000;-4.6900000;5489.64;16468.9;12351.0
347;50.188000;1.2300000;5486.89;16460.7;9998.35
348;51.618000;-4.7500000;5486.78;16460.3;11922.7
349;51.398000;-3.2500000;5485.20;16455.6;12866.1
350;51.018000;0.99000000;5485.11;16455.3;10946.2
351;36.568000;-6.2200000;5484.40;16453.2;1673.09
352;51.448000;3.5500000;5482.74;16448.2;12541.6
353;51.388000;3.0100000;5479.99;16440.0;12918.0
354;51.128000;1.9800000;5477.75;16433.3;12406.1
355;49.368000;-0.66000000;5477.64;16432.9;12989.7
356;50.658000;-1.9100000;5476.48;16429.4;5043.72
357;51.768000;-8.1000000;5476.10;16428.3;12534.5
358;51.118000;2.3800000;5475.77;16427.3;12869.9
359;45.458000;-0.93000000;5474.22;16422.7;13104.3
360;51.168000;2.2000000;5473.44;16420.3;12715.7
361;51.818000;-7.9500000;5472.72;16418.2;12452.4
362;50.048000;0.98000000;5472.31;16416.9;12631.5
363;51.558000;-8.8700000;5472.04;16416.1;12601.6
364;49.528000;-0.080000000;5469.99;16410.0;12853.8
365;51.418000;-9.5200000;5469.06;16407.2;12782.2
366;51.378000;1.6800000;5467.68;16403.0;7266.75
367;51.338000;2.7500000;5466.92;16400.8;12858.0
368;51.818000;3.7000000;5465.97;16397.9;12856.9
369;51.258000;2.9300000;5465.30;16395.9;12892.2
370;51.588000;-4.9300000;5458.83;16376.5;11147.2
371;50.018000;0.86000000;5456.44;16369.3;12568.1
372;51.198000;2.5500000;5455.55;16366.7;12859.6
373;50.778000;-1.3800000;5455.51;16366.5;9438.47
374;51.678000;3.6800000;5454.48;16363.4;12838.4
375;47.348000;-2.6600000;5453.64;16360.9;12957.0
376;51.428000;-3.7200000;5453.62;16360.9;12857.8
377;51.158000;2.0700000;5453.18;16359.6;12646.8
378;49.998000;0.60000000;5450.84;16352.5;12513.7
379;49.378000;-0.48000000;5449.29;16347.9;12926.4
380;50.048000;0.92000000;5446.02;16338.1;12506.0
381;52.118000;-7.1200000;5444.41;16333.2;12490.7
382;49.688000;0.010000000;5444.02;16332.1;12392.2
383;42.558000;-9.0300000;5441.65;16325.0;12846.4
384;51.488000;3.0600000;5441.16;16323.5;12717.4
385;50.358000;1.2800000;5440.07;16320.2;5603.32
386;52.128000;-7.3300000;5439.89;16319.7;12404.8
387;49.348000;-0.35000000;5438.95;16316.8;12896.7
388;49.408000;-0.13000000;5438.76;16316.3;12767.2
389;43.588000;-1.4800000;5437.78;16313.3;12426.9
390;51.528000;-3.9100000;5436.51;16309.5;12793.6
391;49.568000;0.060000000;5436.29;16308.9;12762.2
392;51.398000;-3.4800000;5436.26;16308.8;12831.1
393;50.268000;1.2300000;5435.98;16307.9;7882.38
394;45.438000;-0.84000000;5435.22;16305.7;13014.0
395;51.218000;1.5100000;5434.70;16304.1;11062.2
396;52.158000;-6.8800000;5432.48;16297.4;10960.5
397;50.648000;-0.81000000;5432.35;16297.0;4621.15
398;51.278000;-3.3000000;5432.03;16296.1;12803.7
399;43.428000;4.5900000;5431.33;16294.0;12929.5
400;51.068000;1.0800000;5430.65;16292.0;10324.3
401;51.228000;1.4100000;5428.34;16285.0;12037.9
402;50.668000;-0.91000000;5426.01;16278.0;4543.52
403;51.338000;-3.4000000;5425.29;16275.9;12803.3
404;51.618000;-4.8700000;5421.71;16265.1;11609.6
405;50.648000;-1.1000000;5419.43;16258.3;4592.60
406;51.478000;-9.6000000;5419.22;16257.7;12487.1
407;49.348000;-0.070000000;5418.97;16256.9;12821.8
408;51.148000;1.4200000;5418.29;16254.9;11033.3
409;50.808000;-1.2500000;5418.17;16254.5;10029.9
410;50.608000;-1.1700000;5417.17;16251.5;5253.73
411;51.798000;3.5800000;5415.71;16247.1;12729.3
412;50.418000;1.3600000;5412.80;16238.4;7297.19
413;47.138000;-2.5000000;5411.47;16234.4;12818.9
414;49.318000;-0.27000000;5410.93;16232.8;12820.8
415;50.158000;1.1700000;5409.21;16227.6;9596.54
416;51.188000;-3.2900000;5407.96;16223.9;12602.7
417;51.698000;3.3800000;5407.74;16223.2;12596.1
418;50.818000;0.41000000;5406.34;16219.0;8942.64
419;49.818000;0.11000000;5401.82;16205.5;11762.8
420;51.488000;-9.5200000;5401.64;16204.9;12315.7
421;50.838000;0.48000000;5399.89;16199.7;9958.95
422;49.908000;0.45000000;5399.55;16198.6;12431.7
423;51.128000;1.9200000;5398.49;16195.5;11647.1
424;50.708000;-0.84000000;5397.77;16193.3;4782.86
425;51.618000;3.7800000;5397.46;16192.4;12727.0
426;49.718000;0.17000000;5397.39;16192.2;12618.8
427;46.228000;-1.2400000;5395.95;16187.8;12936.5
428;52.128000;-7.2100000;5395.32;16186.0;12351.4
429;50.448000;1.5600000;5395.04;16185.1;12566.0
430;50.728000;-1.4800000;5389.87;16169.6;10109.8
431;51.458000;1.4900000;5386.22;16158.7;5288.31
432;51.108000;1.8500000;5383.06;16149.2;9629.54
433;51.778000;3.6400000;5382.68;16148.0;12669.8
434;51.178000;2.3200000;5382.52;16147.6;12653.2
435;52.028000;3.7300000;5381.85;16145.5;12476.5
436;51.628000;3.4400000;5381.30;16143.9;12665.4
437;51.448000;0.67000000;5381.04;16143.1;12503.6
438;51.158000;2.1300000;5380.72;16142.2;12498.3
439;51.458000;-3.6600000;5377.09;16131.3;12502.0
440;51.238000;2.2700000;5373.91;16121.7;12593.6
441;52.148000;-6.9400000;5373.81;16121.4;12252.9
442;51.768000;1.5100000;5372.05;16116.1;2681.15
443;51.438000;2.7500000;5371.40;16114.2;12403.5
444;52.128000;-7.3900000;5371.06;16113.2;12192.2
445;51.398000;2.8300000;5367.40;16102.2;12584.7
446;53.148000;-9.1800000;5366.26;16098.8;12350.2
447;42.938000;-9.1800000;5362.76;16088.3;12181.5
448;51.098000;2.1000000;5361.50;16084.5;12561.5
449;50.568000;1.4300000;5360.22;16080.7;8015.06
450;49.458000;-0.20000000;5359.07;16077.2;12494.3
451;51.278000;-3.8200000;5358.74;16076.2;12469.9
452;51.698000;0.96000000;5358.65;16076.0;10179.1
453;50.028000;0.69000000;5358.55;16075.6;12205.2
454;50.788000;-0.93000000;5356.74;16070.2;3754.61
455;51.558000;3.3300000;5355.65;16066.9;12611.0
456;50.828000;-0.23000000;5354.86;16064.6;8275.00
457;51.078000;1.7400000;5353.66;16061.0;8430.50
458;51.338000;-3.1700000;5352.75;16058.3;12645.8
459;42.118000;-8.8300000;5352.34;16057.0;6057.19
460;53.128000;-9.6400000;5347.76;16043.3;12158.4
461;50.328000;1.2200000;5345.69;16037.1;5282.29
462;51.508000;-9.1300000;5344.98;16034.9;12291.9
463;50.658000;1.4400000;5342.61;16027.8;6330.45
464;49.628000;0.060000000;5342.60;16027.8;12547.7
465;51.768000;3.7900000;5339.83;16019.5;12608.0
466;52.138000;-6.8200000;5339.23;16017.7;9554.54
467;51.108000;1.2800000;5339.03;16017.1;10446.3
468;50.138000;1.0800000;5338.67;16016.0;10626.5
469;50.848000;0.54000000;5338.45;16015.4;8951.67
470;50.678000;1.3300000;5338.13;16014.4;10635.4
471;51.468000;3.7000000;5337.56;16012.7;12510.1
472;51.228000;2.1900000;5337.08;16011.3;12346.6
473;51.368000;0.80000000;5335.90;16007.7;6496.97
474;51.428000;-3.7800000;5335.42;16006.3;12570.3
475;50.808000;-0.060000000;5332.89;15998.7;3805.68
476;49.418000;0.14000000;5330.97;15992.9;12635.8
477;51.138000;1.3600000;5330.44;15991.3;10431.9
478;51.498000;3.0000000;5329.63;15988.9;12454.6
479;52.678000;-9.6900000;5328.55;15985.7;6639.69
480;51.568000;-8.9900000;5328.41;15985.2;12097.8
481;51.088000;1.2100000;5327.53;15982.6;10040.2
482;51.598000;-9.9900000;5327.18;15981.5;12142.4
483;49.598000;1.6200583e-14;5325.28;15975.9;12400.1
484;51.058000;1.4300000;5323.87;15971.6;9673.29
485;47.488000;-3.0800000;5321.81;15965.4;12665.6
486;51.278000;-3.7000000;5317.15;15951.4;11684.3
487;52.398000;-9.8800000;5316.80;15950.4;12089.8
488;51.518000;1.2100000;5316.74;15950.2;3695.81
489;51.338000;-3.5400000;5314.21;15942.6;12520.7
490;51.538000;-9.8300000;5313.43;15940.3;11551.0
491;49.368000;-0.72000000;5312.90;15938.7;12531.5
492;47.548000;-3.0400000;5311.72;15935.2;12634.8
493;51.678000;3.8500000;5308.69;15926.1;12516.6
494;50.898000;0.71000000;5306.90;15920.7;6120.62
495;51.558000;3.2700000;5305.59;15916.8;12474.3
496;44.768000;12.370000;5302.96;15908.9;12674.0
497;50.918000;0.92000000;5301.85;15905.5;8833.79
498;51.278000;2.4200000;5299.51;15898.5;12401.0
499;50.698000;-1.8500000;5298.06;15894.2;4104.13
500;51.418000;2.6800000;5296.02;15888.1;12234.7
501;52.168000;-6.6600000;5295.68;15887.0;8926.75
502;51.558000;1.4000000;5294.61;15883.8;4720.06
503;52.598000;-9.6200000;5294.03;15882.1;10581.7
504;51.638000;1.0800000;5292.28;15876.8;3328.32
505;51.838000;3.6400000;5292.13;15876.4;12436.6
506;51.408000;2.5900000;5288.55;15865.7;12224.1
507;51.778000;3.5000000;5286.72;15860.2;12415.4
508;52.138000;-6.7600000;5285.06;15855.2;8923.81
509;51.588000;-10.170000;5284.46;15853.4;11842.8
510;50.628000;1.5600000;5284.11;15852.3;12348.9
511;51.338000;2.6900000;5278.81;15836.4;12366.3
512;51.768000;3.4400000;5278.44;15835.3;12355.6
513;49.528000;-0.14000000;5278.42;15835.3;12314.5
514;51.758000;3.7300000;5277.01;15831.0;12447.8
515;50.868000;0.64000000;5273.39;15820.2;7408.49
516;51.378000;-3.8900000;5272.64;15817.9;12409.2
517;51.628000;-8.6800000;5272.08;15816.2;11167.1
518;51.438000;3.6100000;5271.50;15814.5;12284.4
519;51.488000;-3.7300000;5269.72;15809.2;12351.4
520;50.418000;1.3000000;5269.05;15807.2;5610.56
521;51.558000;3.0200000;5268.27;15804.8;12331.1
522;51.488000;3.1200000;5265.88;15797.7;12384.1
523;51.268000;2.5700000;5265.41;15796.2;12349.7
524;51.638000;-4.6300000;5262.50;15787.5;10992.2
525;49.878000;0.39000000;5261.95;15785.9;12294.1
526;51.368000;3.0700000;5261.18;15783.5;12410.2
527;51.858000;3.5800000;5260.25;15780.8;12256.5
528;51.318000;2.9500000;5259.16;15777.5;12407.8
529;51.888000;3.7700000;5256.88;15770.6;12334.4
530;52.108000;-7.4500000;5253.72;15761.2;11963.7
531;51.338000;-3.4800000;5249.16;15747.5;12351.6
532;52.128000;-6.5800000;5249.15;15747.5;8441.12
533;51.438000;2.9500000;5248.26;15744.8;12313.0
534;50.788000;-1.0100000;5247.70;15743.1;5164.68
535;46.288000;-1.3200000;5244.50;15733.5;12579.7
536;50.548000;1.3700000;5241.47;15724.4;7309.05
537;51.498000;3.4900000;5241.44;15724.3;12332.4
538;52.088000;-6.6400000;5239.55;15718.7;8026.03
539;50.398000;1.2200000;5238.18;15714.5;4728.90
540;47.498000;-2.9500000;5236.36;15709.1;12481.3
541;50.748000;1.5600000;5235.94;15707.8;11692.6
542;51.208000;-3.3500000;5235.59;15706.8;12366.2
543;47.528000;-2.5100000;5235.42;15706.3;12374.2
544;50.488000;1.3200000;5234.66;15704.0;5415.09
545;51.718000;-4.6800000;5233.70;15701.1;11287.9
546;49.658000;0.13000000;5231.46;15694.4;12264.6
547;50.138000;1.0200000;5231.32;15694.0;10312.0
548;50.078000;0.86000000;5230.82;15692.5;11843.0
549;51.508000;0.61000000;5230.30;15690.9;12087.6
550;51.898000;3.6600000;5229.99;15690.0;12172.4
551;51.498000;-3.9700000;5229.72;15689.2;12268.5
552;51.548000;1.6000000;5229.39;15688.2;5839.14
553;50.838000;1.5800000;5229.36;15688.1;11726.2
554;51.608000;1.6400000;5228.42;15685.3;6434.71
555;51.578000;-3.9800000;5228.25;15684.8;12218.8
556;51.428000;2.8900000;5223.20;15669.6;12188.1
557;51.538000;-8.9300000;5222.55;15667.6;12113.3
558;51.888000;3.8400000;5222.18;15666.5;12270.6
559;51.208000;-3.0200000;5220.78;15662.3;12161.6
560;45.608000;-1.2500000;5220.26;15660.8;12417.6
561;52.188000;-6.5400000;5220.03;15660.1;6784.77
562;47.438000;-2.8300000;5218.60;15655.8;12389.1
563;49.398000;-0.19000000;5216.76;15650.3;12215.9
564;51.508000;0.53000000;5214.65;15643.9;12131.3
565;51.398000;-3.1900000;5214.33;15643.0;12322.2
566;51.278000;1.7500000;5213.45;15640.3;5184.18
567;51.108000;2.4400000;5212.57;15637.7;12239.6
568;50.218000;1.1700000;5210.51;15631.5;8356.84
569;50.828000;-0.16000000;5209.01;15627.0;6339.41
570;51.278000;2.3300000;5208.58;15625.7;12140.9
571;51.498000;3.2800000;5208.33;15625.0;12277.6
572;52.098000;-6.8800000;5207.56;15622.7;9222.75
573;51.298000;-3.8800000;5207.54;15622.6;11761.6
574;50.898000;0.99000000;5206.01;15618.0;7582.82
575;48.318000;-4.5100000;5205.74;15617.2;12462.1
576;47.138000;-2.5600000;5205.24;15615.7;12318.8
577;44.768000;12.310000;5203.63;15610.9;12436.0
578;50.718000;-1.7900000;5203.45;15610.4;4167.08
579;53.878000;-6.2700000;5203.25;15609.8;11790.5
580;51.678000;3.7600000;5200.99;15603.0;12262.8
581;49.438000;-0.26000000;5200.79;15602.4;12116.6
582;49.678000;-0.050000000;5200.56;15601.7;11438.8
583;51.348000;2.6300000;5200.44;15601.3;12179.9
584;50.598000;-1.9300000;5198.98;15596.9;4212.84
585;46.988000;-2.4000000;5198.37;15595.1;12384.5
586;53.158000;-6.0300000;5197.55;15592.6;11244.4
587;39.268000;-9.3300000;5197.11;15591.3;6836.07
588;50.658000;1.2700000;5195.43;15586.3;9125.35
589;51.218000;2.4100000;5195.11;15585.3;12216.6
590;49.398000;-0.42000000;5194.10;15582.3;12300.2
591;49.968000;0.51000000;5192.18;15576.5;11533.5
592;51.268000;2.0700000;5191.62;15574.9;11196.9
593;51.548000;3.0800000;5189.40;15568.2;12142.8
594;51.578000;-10.230000;5188.06;15564.2;11919.7
595;47.568000;-3.1600000;5183.34;15550.0;12340.0
596;50.198000;1.1100000;5181.02;15543.1;8332.75
597;51.298000;2.2700000;5180.82;15542.5;12100.1
598;51.828000;3.8800000;5177.76;15533.3;12083.9
599;53.038000;-6.0400000;5175.34;15526.0;11509.3
600;51.788000;-10.490000;5174.45;15523.3;11630.0
601;44.768000;12.430000;5171.31;15513.9;12355.9
602;49.518000;-0.20000000;5170.56;15511.7;12068.3
603;51.458000;2.8200000;5170.52;15511.6;12004.5
604;44.988000;12.540000;5170.28;15510.8;12305.6
605;51.568000;-4.0400000;5168.39;15505.2;11900.1
606;50.928000;0.83000000;5167.48;15502.4;6268.46
607;51.778000;3.3800000;5166.22;15498.7;11872.1
608;51.578000;-4.5800000;5163.62;15490.9;11598.1
609;51.498000;2.9400000;5163.58;15490.7;12055.3
610;50.648000;-0.75000000;5162.38;15487.1;4126.48
611;51.558000;2.9600000;5160.76;15482.3;12052.8
612;51.788000;-10.350000;5158.57;15475.7;11092.6
613;50.108000;0.96000000;5158.09;15474.3;11360.9
614;50.478000;1.2600000;5153.70;15461.1;4850.51
615;51.828000;1.6500000;5149.23;15447.7;2840.43
616;50.718000;-1.0500000;5148.14;15444.4;3613.64
617;51.638000;3.3800000;5147.31;15441.9;12099.9
618;51.368000;3.1500000;5147.26;15441.8;12141.1
619;51.558000;1.5400000;5146.36;15439.1;5456.96
620;47.078000;-2.4600000;5146.25;15438.8;12183.9
621;45.158000;12.340000;5140.82;15422.5;12252.5
622;51.348000;2.5700000;5140.82;15422.5;11988.2
623;51.148000;2.6700000;5138.44;15415.3;12119.8
624;51.548000;-9.0500000;5137.56;15412.7;11593.7
625;51.658000;-4.5700000;5136.38;15409.1;10975.6
626;51.258000;2.5100000;5135.98;15407.9;12048.0
627;50.748000;0.32000000;5135.09;15405.3;7628.28
628;52.598000;-9.3300000;5134.33;15403.0;10588.2
629;50.078000;0.77000000;5133.81;15401.4;11584.5
630;50.278000;1.1600000;5130.30;15390.9;6397.20
631;52.148000;3.9000000;5129.63;15388.9;12004.3
632;51.198000;2.4900000;5128.76;15386.3;12083.2
633;51.738000;-4.6200000;5128.08;15384.3;11513.1
634;39.118000;-9.3900000;5127.30;15381.9;5861.16
635;51.578000;1.4600000;5125.38;15376.1;5022.35
636;50.568000;1.5500000;5125.32;15376.0;11807.9
637;52.208000;-6.9700000;5124.85;15374.5;11850.7
638;49.998000;-5.2500000;5121.80;15365.4;10218.5
639;52.258000;-9.7800000;5121.42;15364.3;11977.3
640;52.268000;-9.7800000;0.00000;15364.3;11977.3
641;49.588000;-0.060000000;5120.14;15360.4;11955.2
642;51.618000;3.8400000;5119.55;15358.6;12074.5
643;51.738000;-10.160000;5119.18;15357.5;9589.94
644;50.068000;-5.7200000;5117.54;15352.6;11233.4
645;52.198000;-6.7200000;5116.93;15350.8;7081.43
646;51.248000;-3.7600000;5115.81;15347.4;11921.1
647;51.438000;3.2300000;5113.69;15341.1;12056.7
648;52.298000;-6.1900000;5113.66;15341.0;7006.58
649;51.538000;1.6600000;5109.09;15327.3;4997.84
650;52.108000;-6.7000000;5109.03;15327.1;7344.09
651;51.188000;1.8500000;5107.95;15323.8;6682.53
652;51.438000;-2.8800000;5105.23;15315.7;12019.8
653;43.118000;-9.2000000;5104.46;15313.4;10131.0
654;51.408000;2.5300000;5103.89;15311.7;11683.3
655;51.608000;-4.3400000;5103.70;15311.1;11750.8
656;52.088000;-6.9400000;5103.51;15310.5;9588.03
657;51.138000;2.5700000;5103.19;15309.6;12032.6
658;51.278000;-3.4100000;5102.97;15308.9;12039.3
659;51.428000;3.0700000;5102.40;15307.2;12023.4
660;52.548000;-9.8700000;5102.04;15306.1;11682.2
661;51.918000;3.6000000;5101.33;15304.0;11726.4
662;51.208000;1.9200000;5098.20;15294.6;8041.13
663;51.558000;3.2100000;5096.18;15288.5;11975.9
664;51.638000;1.0200000;5093.89;15281.7;3760.50
665;51.608000;3.0800000;5092.54;15277.6;11885.3
666;52.198000;-6.8000000;5092.36;15277.1;8918.19
667;51.358000;3.2100000;5092.33;15277.0;11971.9
668;47.288000;-2.6600000;5091.90;15275.7;12054.6
669;51.328000;3.0100000;5090.77;15272.3;12011.3
670;51.288000;-3.0600000;5089.93;15269.8;11982.2
671;51.008000;1.0500000;5089.03;15267.1;6882.88
672;51.598000;-4.9900000;5086.54;15259.6;8094.66
673;51.838000;3.5200000;5084.57;15253.7;11858.4
674;46.348000;-1.3700000;5083.40;15250.2;12132.7
675;51.608000;-9.9300000;5081.55;15244.6;11519.2
676;50.738000;-0.57000000;5081.12;15243.4;4058.13
677;52.028000;3.6700000;5078.95;15236.9;11717.5
678;51.288000;-3.9500000;5078.69;15236.1;10985.3
679;50.358000;1.1600000;5075.11;15225.3;4248.12
680;51.138000;2.5000000;5074.25;15222.8;11937.7
681;51.278000;-3.4700000;5072.55;15217.7;11917.1
682;51.398000;-4.0800000;5072.54;15217.6;11775.2
683;51.348000;-3.9500000;5065.29;15195.9;11902.2
684;50.478000;-0.85000000;5061.81;15185.4;5058.33
685;51.468000;-4.0300000;5061.72;15185.2;11736.8
686;50.338000;-4.2300000;5060.71;15182.1;7380.23
687;51.948000;3.7700000;5060.09;15180.3;11868.7
688;51.468000;-3.8400000;5058.64;15175.9;11885.0
689;50.198000;1.0500000;5057.31;15171.9;7858.63
690;50.248000;-3.9100000;5056.00;15168.0;10829.1
691;49.878000;0.33000000;5053.89;15161.7;11575.8
692;51.238000;-3.8800000;5053.54;15160.6;11673.2
693;50.748000;0.20000000;5053.45;15160.3;4989.32
694;51.468000;-3.9100000;5052.93;15158.8;11555.8
695;47.448000;-2.8900000;5051.79;15155.4;12023.0
696;51.408000;-3.9500000;5051.63;15154.9;11845.4
697;51.248000;2.0100000;5051.61;15154.8;8170.21
698;51.518000;-4.5900000;5050.14;15150.4;11245.1
699;50.728000;-0.64000000;5047.85;15143.6;4302.66
700;51.438000;3.4900000;5047.28;15141.8;11905.5
701;51.368000;-4.0200000;5046.05;15138.1;11842.1
702;38.688000;-9.1100000;5045.78;15137.3;2881.74
703;49.378000;-0.25000000;5044.52;15133.6;11870.3
704;51.408000;-2.9700000;5043.58;15130.7;11944.4
705;51.208000;-3.4100000;5043.37;15130.1;11915.4
706;51.678000;-9.6400000;5042.48;15127.4;9018.22
707;49.408000;-0.36000000;5041.78;15125.3;11916.2
708;53.098000;-6.0300000;5040.13;15120.4;10669.1
709;51.458000;-4.0900000;5037.57;15112.7;11578.4
710;51.528000;-4.2700000;5036.56;15109.7;10831.8
711;51.548000;3.1400000;5036.11;15108.3;11829.1
712;52.908000;-5.8700000;5035.63;15106.9;4935.53
713;49.368000;-0.78000000;5035.38;15106.2;11859.7
714;51.908000;3.9000000;5034.35;15103.1;11844.2
715;51.288000;-3.6400000;5033.46;15100.4;11449.0
716;51.918000;3.5400000;5031.25;15093.8;11595.0
717;50.038000;-5.6600000;5028.91;15086.7;10969.5
718;51.568000;3.9100000;5028.80;15086.4;11871.4
719;51.828000;-10.410000;5027.25;15081.7;10902.9
720;51.588000;-3.9200000;5026.54;15079.6;11767.1
721;51.428000;3.1300000;5026.53;15079.6;11847.9
722;50.728000;-0.92000000;5017.92;15053.8;3487.78
723;50.388000;1.5400000;5017.17;15051.5;11149.2
724;52.138000;3.9600000;5015.97;15047.9;11782.5
725;50.648000;-0.97000000;5015.86;15047.6;3092.47
726;53.308000;-9.8200000;5015.75;15047.2;11672.3
727;51.938000;3.4500000;5013.92;15041.7;11460.0
728;49.878000;0.25000000;5013.39;15040.2;10542.5
729;47.478000;-3.1400000;5008.79;15026.4;11923.5
730;52.358000;-6.1800000;5008.40;15025.2;6060.53
731;49.498000;-0.26000000;5006.51;15019.5;11672.6
732;49.968000;0.45000000;5006.10;15018.3;10211.9
733;51.368000;3.9000000;5005.53;15016.6;11775.1
734;50.288000;1.5400000;5005.04;15015.1;9612.85
735;50.918000;1.3700000;5004.04;15012.1;10532.5
736;51.618000;3.0100000;5001.57;15004.7;11521.5
737;49.588000;-0.12000000;4998.63;14995.9;11556.8
738;51.568000;-4.5200000;4998.06;14994.2;11345.3
739;51.808000;-8.2500000;4997.22;14991.6;9836.23
740;51.728000;-4.5600000;4994.03;14982.1;11167.6
741;51.408000;2.4700000;4992.46;14977.4;11396.6
742;51.828000;1.5100000;4992.36;14977.1;1922.41
743;51.338000;2.4000000;4990.88;14972.6;11270.9
744;50.858000;1.3500000;4990.52;14971.6;9733.45
745;44.798000;12.510000;4989.76;14969.3;11904.8
746;52.028000;3.7900000;4989.66;14969.0;11692.7
747;50.258000;1.1000000;4986.38;14959.1;6627.43
748;51.778000;-10.550000;4986.37;14959.1;11348.0
749;50.028000;0.54000000;4985.91;14957.7;9177.58
750;52.768000;-5.9000000;4985.18;14955.5;4390.55
751;51.948000;3.8300000;4984.09;14952.3;11705.8
752;49.428000;-0.54000000;4983.34;14950.0;11798.3
753;51.818000;4.1400000;4982.49;14947.5;11509.6
754;50.008000;-5.1400000;4981.81;14945.4;8471.60
755;51.588000;1.2700000;4981.63;14944.9;2311.03
756;51.418000;-3.0300000;4980.29;14940.9;11764.4
757;52.418000;-6.1700000;4978.67;14936.0;5892.33
758;51.958000;3.7100000;4977.02;14931.1;11543.0
759;51.618000;-4.4000000;4973.37;14920.1;11254.8
760;47.228000;-2.6400000;4973.31;14919.9;11766.6
761;44.938000;12.600000;4971.12;14913.4;11842.7
762;52.028000;3.6100000;4971.04;14913.1;11453.2
763;51.578000;3.9900000;4969.27;14907.8;11732.0
764;49.938000;0.39000000;4968.27;14904.8;10997.9
765;47.488000;-3.0200000;4967.19;14901.6;11842.2
766;48.318000;-4.4500000;4966.43;14899.3;11469.9
767;51.368000;3.2700000;4965.72;14897.1;11713.5
768;51.278000;-3.5300000;4964.79;14894.4;11649.5
769;52.968000;-5.9100000;4964.24;14892.7;7336.28
770;50.328000;-4.3200000;4962.24;14886.7;7418.38
771;51.658000;-4.5100000;4961.02;14883.1;10787.0
772;49.428000;-0.60000000;4960.99;14883.0;11721.8
773;51.608000;3.1400000;4960.12;14880.4;11631.6
774;51.468000;2.5900000;4959.27;14877.8;11365.1
775;50.748000;1.3300000;4958.97;14876.9;9262.55
776;51.768000;1.6500000;4958.37;14875.1;2652.93
777;47.648000;-3.2100000;4957.67;14873.0;11711.3
778;45.748000;-1.2700000;4957.20;14871.6;11800.9
779;50.238000;-3.6400000;4956.80;14870.4;7688.23
780;52.528000;-9.8100000;4956.42;14869.3;11358.3
781;52.198000;4.0200000;4956.33;14869.0;11592.2
782;51.848000;4.0100000;4955.99;14868.0;11475.7
783;49.658000;-0.12000000;4955.94;14867.8;10893.9
784;52.598000;-9.4300000;4955.36;14866.1;5598.74
785;51.708000;1.4700000;4955.06;14865.2;2672.41
786;51.468000;-2.9400000;4954.42;14863.3;11735.3
787;51.888000;1.6300000;4954.29;14862.9;2636.89
788;52.768000;1.7300000;4953.80;14861.4;5882.69
789;42.368000;-8.7500000;4953.35;14860.1;4003.07
790;51.488000;2.8800000;4951.57;14854.7;11570.7
791;50.708000;-0.98000000;4951.08;14853.2;3081.07
792;51.478000;1.5900000;4950.52;14851.6;3386.55
793;52.088000;3.9000000;4949.36;14848.1;11624.6
794;52.498000;-6.1400000;4945.57;14836.7;3972.28
795;46.098000;-1.1200000;4945.05;14835.1;11858.5
796;50.548000;1.3100000;4943.63;14830.9;5471.73
797;38.868000;-9.4500000;4941.56;14824.7;2030.31
798;50.608000;1.3700000;4940.85;14822.5;4483.60
799;51.608000;-9.8700000;4938.80;14816.4;11245.9
800;50.718000;1.2700000;4937.70;14813.1;8872.73
801;50.288000;-3.9700000;4935.93;14807.8;9635.27
802;43.418000;4.9100000;4933.13;14799.4;11740.4
803;50.588000;-0.81000000;4932.54;14797.6;3452.51
804;51.438000;1.7100000;4930.81;14792.4;4600.84
805;52.548000;-9.9300000;4927.09;14781.3;11246.2
806;47.388000;-2.7200000;4924.72;14774.2;11706.0
807;52.118000;3.8400000;4924.51;14773.5;11513.7
808;50.348000;1.1000000;4922.62;14767.9;4054.20
809;50.548000;-1.1700000;4920.61;14761.8;3078.78
810;51.408000;3.6700000;4917.06;14751.2;11603.9
811;52.958000;-5.8100000;4915.18;14745.5;4963.23
812;51.068000;1.1400000;4915.10;14745.3;7632.54
813;51.488000;-4.1500000;4915.01;14745.0;10431.1
814;51.478000;3.4300000;4913.84;14741.5;11585.7
815;51.568000;-4.1000000;4912.93;14738.8;11057.8
816;52.708000;-5.9500000;4912.40;14737.2;4065.85
817;51.478000;3.3400000;4909.67;14729.0;11578.5
818;51.318000;2.5100000;4908.68;14726.0;11432.5
819;52.978000;-5.9700000;4907.52;14722.6;9239.14
820;52.848000;-9.4400000;4906.83;14720.5;5780.10
821;53.318000;-6.1000000;4905.63;14716.9;11070.9
822;50.528000;-2.4700000;4904.98;14715.0;8458.13
823;49.588000;-0.18000000;4904.07;14712.2;11268.9
824;40.368000;-8.8300000;4904.00;14712.0;9083.31
825;52.988000;1.5600000;4901.87;14705.6;6243.29
826;53.948000;-6.2900000;4901.54;14704.6;11043.0
827;50.608000;-0.90000000;4900.22;14700.7;2735.20
828;50.198000;-3.7200000;4897.36;14692.1;9820.30
829;53.678000;-6.2300000;4895.68;14687.0;10619.7
830;50.208000;-4.8100000;4894.75;14684.3;10681.3
831;52.268000;-10.010000;4894.41;14683.2;10588.4
832;52.118000;4.0200000;4893.05;14679.2;11500.7
833;47.168000;-2.6400000;4892.78;14678.3;11564.3
834;50.508000;1.5600000;4892.52;14677.6;10647.4
835;53.288000;-6.0300000;4891.54;14674.6;8377.11
836;52.298000;-6.2500000;4891.26;14673.8;5575.17
837;51.548000;-4.3300000;4889.46;14668.4;11365.2
838;51.598000;-9.7800000;4888.30;14664.9;9331.09
839;51.768000;3.3200000;4888.17;14664.5;11138.3
840;50.628000;-1.4800000;4886.41;14659.2;2829.08
841;51.348000;3.8400000;4886.31;14658.9;9933.11
842;51.588000;-3.8600000;4886.08;14658.2;11118.0
843;51.798000;1.5700000;4885.90;14657.7;1653.69
844;51.568000;1.3400000;4884.74;14654.2;2620.95
845;50.168000;0.96000000;4884.31;14652.9;8819.39
846;51.618000;3.2000000;4882.21;14646.6;11449.0
847;54.178000;-0.22000000;4882.13;14646.4;11306.6
848;49.428000;-0.66000000;4880.60;14641.8;11540.5
849;52.168000;-6.4800000;4877.76;14633.3;6243.33
850;50.058000;-5.5300000;4875.34;14626.0;9564.01
851;50.248000;-5.6000000;4874.98;14625.0;8996.39
852;53.218000;-6.0500000;4871.69;14615.1;9761.50
853;50.138000;0.90000000;4869.63;14608.9;10124.5
854;53.038000;-5.9800000;4866.91;14600.7;9219.16
855;51.628000;3.9100000;4865.88;14597.6;11479.3
856;52.198000;3.9600000;4863.66;14591.0;11364.9
857;51.668000;1.6600000;4860.87;14582.6;3992.96
858;50.988000;1.3800000;4860.63;14581.9;8305.30
859;51.578000;-4.4600000;4859.75;14579.3;11060.6
860;52.978000;1.5000000;4859.55;14578.7;6176.49
861;50.068000;-5.4500000;4858.91;14576.7;9128.45
862;52.848000;-5.9000000;4858.87;14576.6;3502.81
863;50.608000;-1.4200000;4857.58;14572.8;2913.43
864;50.208000;-4.8700000;4857.35;14572.0;9321.88
865;51.498000;1.7200000;4856.72;14570.2;3794.82
866;51.408000;-3.1300000;4855.59;14566.8;11484.7
867;51.358000;2.3400000;4854.72;14564.2;10633.9
868;49.978000;-6.2700000;4854.38;14563.1;10960.9
869;51.398000;3.4000000;4854.11;14562.3;11448.0
870;52.198000;4.0800000;4853.38;14560.1;11390.9
871;52.618000;-9.6800000;4853.12;14559.4;10656.1
872;51.718000;-4.5000000;4851.74;14555.2;10328.2
873;51.398000;3.9600000;4851.55;14554.7;11464.6
874;52.038000;3.5500000;4849.99;14550.0;11118.7
875;50.648000;-1.6000000;4849.56;14548.7;3170.30
876;52.258000;-10.080000;4848.99;14547.0;10056.9
877;47.018000;-2.4600000;4848.97;14546.9;11552.6
878;49.938000;0.33000000;4848.15;14544.4;9568.30
879;52.778000;-5.9700000;4847.82;14543.5;3079.28
880;51.658000;1.4100000;4847.27;14541.8;2672.91
881;42.188000;-8.8100000;4846.55;14539.7;8001.10
882;52.088000;3.7600000;4846.12;14538.4;11266.2
883;52.178000;-6.4200000;4845.46;14536.4;6673.54
884;51.368000;3.3300000;4844.94;14534.8;11343.3
885;52.908000;-5.9300000;4844.63;14533.9;4251.55
886;52.288000;-6.3100000;4843.98;14531.9;4781.96
887;50.638000;-1.0400000;4842.03;14526.1;3097.66
888;50.038000;-5.6000000;4840.39;14521.2;10151.0
889;50.328000;-4.3800000;4839.06;14517.2;6799.78
890;49.488000;-0.32000000;4838.97;14516.9;11268.9
891;50.598000;-2.1100000;4838.77;14516.3;4680.43
892;51.268000;-4.0100000;4838.74;14516.2;9822.21
893;50.318000;-5.5700000;4837.63;14512.9;7539.03
894;50.548000;-2.5300000;4837.33;14512.0;7312.47
895;50.708000;1.2100000;4835.20;14505.6;7144.94
896;51.858000;3.3100000;4834.81;14504.4;10188.3
897;48.668000;-1.8500000;4834.50;14503.5;11421.9
898;38.968000;-9.4200000;4834.26;14502.8;1219.87
899;49.438000;-0.48000000;4833.83;14501.5;11401.9
900;52.118000;-10.230000;4833.69;14501.1;7910.85
